-0.735514 -0.220222 -0.64072
0.311347 0.678205 -0.665659
-0.311347 -0.678205 -0.665659
-0.880542 0.369747 -0.296535
0.880542 -0.369747 -0.296535
0.666263 -0.615123 0.421566
-0.666263 0.615123 0.421566
-0.540181 -0.408548 0.735726
0.540181 0.408548 0.735726
-0.00630803 -0.254261 -0.967115
0.00630803 0.254261 -0.967115
0.75298 -0.0482317 -0.656274
-0.75298 0.0482317 -0.656274
-0.529227 0.43092 -0.730908
0.529227 -0.43092 -0.730908
-0.0344584 -0.907613 -0.418391
0.0344584 0.907613 -0.418391
-0.0293743 0.560086 -0.827914
0.0293743 -0.560086 -0.827914
-0.0180475 0.608444 -0.793391
0.0180475 -0.608444 -0.793391
-0.285876 -0.800501 -0.526757
0.285876 0.800501 -0.526757
0.645422 0.61851 -0.448192
-0.645422 -0.61851 -0.448192
0.279835 0.906265 0.316823
-0.279835 -0.906265 0.316823
-0.555767 0.0330986 -0.830679
0.555767 -0.0330986 -0.830679
0.369083 -0.516235 0.772839
-0.369083 0.516235 0.772839
0.059367 -0.702467 -0.709236
-0.059367 0.702467 -0.709236
-0.62937 -0.385489 -0.674753
0.62937 0.385489 -0.674753
0.911155 0.389591 0.13422
-0.911155 -0.389591 0.13422
0.148685 -0.426996 -0.891946
-0.148685 0.426996 -0.891946
-0.121829 0.0177534 -0.992392
0.121829 -0.0177534 -0.992392
0.533143 -0.725849 -0.434629
-0.533143 0.725849 -0.434629
-0.823382 0.156281 0.545544
0.823382 -0.156281 0.545544
-0.637334 0.213113 0.740532
0.637334 -0.213113 0.740532
0.219539 0.588408 -0.77819
-0.219539 -0.588408 -0.77819
-0.29566 -0.673899 -0.677085
0.29566 0.673899 -0.677085
0.176456 0.594921 0.784176
-0.176456 -0.594921 0.784176
-0.265333 -0.696931 -0.666247
0.265333 0.696931 -0.666247
0.491195 -0.224499 0.841622
-0.491195 0.224499 0.841622
-0.648129 -0.132679 0.749883
0.648129 0.132679 0.749883
-0.249039 0.509862 0.82342
0.249039 -0.509862 0.82342
-0.179567 0.947938 0.263002
0.179567 -0.947938 0.263002
0.452183 0.388158 0.803034
-0.452183 -0.388158 0.803034
0.521687 -0.292285 0.801506
-0.521687 0.292285 0.801506
0.0600393 0.525219 -0.848846
-0.0600393 -0.525219 -0.848846
0.0442215 0.555521 -0.830326
-0.0442215 -0.555521 -0.830326
0.219083 -0.734337 -0.642458
-0.219083 0.734337 -0.642458
0.0112877 0.688978 0.724694
-0.0112877 -0.688978 0.724694
-0.93811 0.295962 0.179878
0.93811 -0.295962 0.179878
0.824119 0.0928903 0.558747
-0.824119 -0.0928903 0.558747
0.854138 -0.291878 0.430414
-0.854138 0.291878 0.430414
-0.348818 -0.254238 0.902047
0.348818 0.254238 0.902047
-0.694355 0.125562 0.708594
0.694355 -0.125562 0.708594
-0.0397556 -0.173476 0.984035
0.0397556 0.173476 0.984035
0.102756 -0.377148 0.920435
-0.102756 0.377148 0.920435
-0.260468 0.928276 0.265444
0.260468 -0.928276 0.265444
-0.646215 0.24668 -0.722187
0.646215 -0.24668 -0.722187
0.266676 0.722372 -0.638015
-0.266676 -0.722372 -0.638015
-0.571077 0.159678 -0.805217
0.571077 -0.159678 -0.805217
-0.922193 0.279762 -0.267009
0.922193 -0.279762 -0.267009
0.423571 0.128471 -0.896707
-0.423571 -0.128471 -0.896707
0.447394 0.460014 -0.766959
-0.447394 -0.460014 -0.766959
0.220157 -0.775057 0.592298
-0.220157 0.775057 0.592298
0.224497 -0.506171 -0.832702
-0.224497 0.506171 -0.832702
-0.703487 0.426923 0.568193
0.703487 -0.426923 0.568193
-0.0175663 0.342219 -0.939456
0.0175663 -0.342219 -0.939456
-0.0589565 -0.762177 -0.644679
0.0589565 0.762177 -0.644679
-0.495544 0.222146 0.839695
0.495544 -0.222146 0.839695
-0.92108 0.196207 -0.336325
0.92108 -0.196207 -0.336325
-0.578871 0.114271 -0.807373
0.578871 -0.114271 -0.807373
-0.405146 0.390202 0.8268
0.405146 -0.390202 0.8268
0.104145 0.64618 0.756045
-0.104145 -0.64618 0.756045
-0.625018 -0.387283 0.677764
0.625018 0.387283 0.677764
0.220072 -0.169873 0.960579
-0.220072 0.169873 0.960579
-0.23589 0.622808 0.745967
0.23589 -0.622808 0.745967
-0.149975 0.799773 0.581266
0.149975 -0.799773 0.581266
-0.886048 0.01259 0.463423
0.886048 -0.01259 0.463423
0.226531 -0.575199 -0.786021
-0.226531 0.575199 -0.786021
0.903274 0.328272 0.276286
-0.903274 -0.328272 0.276286
0.447879 -0.579369 0.680982
-0.447879 0.579369 0.680982
0.293773 -0.464486 -0.835434
-0.293773 0.464486 -0.835434
0.35024 -0.420933 0.836748
-0.35024 0.420933 0.836748
-0.284052 0.515965 -0.808143
0.284052 -0.515965 -0.808143
0.741506 -0.186823 0.644411
-0.741506 0.186823 0.644411
-0.461613 -0.825573 -0.324565
0.461613 0.825573 -0.324565
-0.656331 -0.180508 0.732562
0.656331 0.180508 0.732562
0.713075 -0.418002 -0.562849
-0.713075 0.418002 -0.562849
-0.887526 -0.252517 -0.385399
0.887526 0.252517 -0.385399
-0.625212 -0.172366 -0.761183
0.625212 0.172366 -0.761183
0.0201863 -0.749022 -0.662238
-0.0201863 0.749022 -0.662238
0.374251 0.614505 0.694493
-0.374251 -0.614505 0.694493
-0.677746 0.0369237 -0.734369
0.677746 -0.0369237 -0.734369
-0.432112 0.0519856 0.900321
0.432112 -0.0519856 0.900321
0.0469682 0.720435 -0.69193
-0.0469682 -0.720435 -0.69193
0.35657 0.000168349 -0.934269
-0.35657 -0.000168349 -0.934269
-0.00999619 0.949737 -0.31289
0.00999619 -0.949737 -0.31289
-0.7891 0.392309 0.472668
0.7891 -0.392309 0.472668
-0.415311 -0.242799 -0.876678
0.415311 0.242799 -0.876678
0.788653 -0.239618 0.566224
-0.788653 0.239618 0.566224
-0.907341 -0.285665 0.308429
0.907341 0.285665 0.308429
0.346615 0.840098 -0.417244
-0.346615 -0.840098 -0.417244
-0.0961151 -0.774356 0.625407
0.0961151 0.774356 0.625407
0.0108009 -0.257281 0.966276
-0.0108009 0.257281 0.966276
0.783828 -0.52869 0.325731
-0.783828 0.52869 0.325731
-0.708396 0.184494 0.681276
0.708396 -0.184494 0.681276
-0.520765 -0.609574 0.597681
0.520765 0.609574 0.597681
-0.849366 0.0864946 0.520668
0.849366 -0.0864946 0.520668
0.288997 -0.465119 0.836747
-0.288997 0.465119 0.836747
0.530728 -0.707566 0.46656
-0.530728 0.707566 0.46656
0.728497 -0.156962 -0.666824
-0.728497 0.156962 -0.666824
0.105715 0.633236 0.766705
-0.105715 -0.633236 0.766705
-0.0567843 -0.640885 0.765534
0.0567843 0.640885 0.765534
0.423776 -0.220454 -0.878529
-0.423776 0.220454 -0.878529
0.394578 -0.879012 -0.267668
-0.394578 0.879012 -0.267668
-0.324739 -0.100376 0.940462
0.324739 0.100376 0.940462
0.244658 -0.959247 -0.141375
-0.244658 0.959247 -0.141375
-0.127951 0.564553 -0.815419
0.127951 -0.564553 -0.815419
-0.608011 0.317291 -0.72777
0.608011 -0.317291 -0.72777
-0.386197 0.473977 -0.791327
0.386197 -0.473977 -0.791327
-0.246826 0.0939033 0.964499
0.246826 -0.0939033 0.964499
0.465987 -0.197665 0.86243
-0.465987 0.197665 0.86243
-0.114513 -0.444468 0.888445
0.114513 0.444468 0.888445
0.483777 0.0997013 -0.869494
-0.483777 -0.0997013 -0.869494
0.895832 -0.0428569 0.442321
-0.895832 0.0428569 0.442321
0.0117383 0.940163 0.340522
-0.0117383 -0.940163 0.340522
-0.400385 -0.603104 0.689897
-0.422137 -0.541551 -0.726995
0.564794 0.0297773 0.824694
-0.564794 -0.0297773 0.824694
-0.935453 0.346177 0.0713341
0.935453 -0.346177 0.0713341
0.239531 0.691543 0.681464
-0.239531 -0.691543 0.681464
0.225361 -0.498034 -0.837361
-0.225361 0.498034 -0.837361
0.0909921 -0.915674 0.391487
-0.0909921 0.915674 0.391487
-0.39129 0.0154434 -0.920138
0.39129 -0.0154434 -0.920138
0.254422 0.452311 -0.8548
-0.254422 -0.452311 -0.8548
-0.0190016 -0.226129 -0.973912
0.0190016 0.226129 -0.973912
0.545036 -0.121139 0.829615
-0.545036 0.121139 0.829615
-0.029069 -0.827869 0.560167
0.029069 0.827869 0.560167
-0.387373 -0.44792 0.805798
0.387373 0.44792 0.805798
-0.833834 -0.325402 -0.445908
0.833834 0.325402 -0.445908
-0.171265 0.546634 0.81967
0.171265 -0.546634 0.81967
0.155454 -0.721917 -0.674292
-0.155454 0.721917 -0.674292
-0.226077 -0.644113 -0.730758
0.226077 0.644113 -0.730758
0.677154 -0.455415 -0.577978
-0.677154 0.455415 -0.577978
-0.961848 0.122751 0.244501
0.961848 -0.122751 0.244501
0.751123 0.233349 -0.617546
-0.751123 -0.233349 -0.617546
0.105521 -0.084079 -0.990856
-0.105521 0.084079 -0.990856
-0.38985 -0.773131 -0.500285
0.38985 0.773131 -0.500285
-0.140489 0.236272 -0.961477
0.140489 -0.236272 -0.961477
0.765013 0.452541 0.458216
-0.765013 -0.452541 0.458216
-0.425116 -0.440714 0.790599
0.425116 0.440714 0.790599
0.0704004 0.656849 0.750729
-0.0704004 -0.656849 0.750729
0.0581967 0.626562 -0.777196
-0.0581967 -0.626562 -0.777196
-0.641251 -0.268958 -0.71865
0.641251 0.268958 -0.71865
0.0191247 -0.791662 0.61066
-0.0191247 0.791662 0.61066
0.755582 -0.449157 -0.476817
-0.755582 0.449157 -0.476817
-0.909477 0.00192093 -0.41575
0.909477 -0.00192093 -0.41575
-0.785063 0.0892476 -0.612953
0.785063 -0.0892476 -0.612953
0.642085 -0.418522 0.642313
-0.642085 0.418522 0.642313
-0.739701 0.0777391 0.66843
0.739701 -0.0777391 0.66843
0.646862 -0.0423252 0.761432
-0.646862 0.0423252 0.761432
0.31693 0.431056 0.844835
-0.31693 -0.431056 0.844835
-0.6546 -0.0176622 -0.755769
0.6546 0.0176622 -0.755769
-0.662971 0.163687 -0.730531
0.662971 -0.163687 -0.730531
0.30212 0.619842 -0.724237
-0.30212 -0.619842 -0.724237
-0.805624 -0.375147 -0.458513
0.805624 0.375147 -0.458513
-0.152873 0.889359 0.430895
0.152873 -0.889359 0.430895
-0.743111 -0.416462 -0.523779
0.743111 0.416462 -0.523779
-0.112709 -0.437629 -0.892063
0.112709 0.437629 -0.892063
-0.817725 0.0458158 -0.573783
0.817725 -0.0458158 -0.573783
0.453078 0.363047 -0.814197
-0.453078 -0.363047 -0.814197
0.547568 -0.693984 0.4675
-0.547568 0.693984 0.4675
0.75109 -0.109181 -0.651109
-0.75109 0.109181 -0.651109
-0.163921 -0.441021 -0.8824
0.163921 0.441021 -0.8824
0.0337402 0.138511 -0.989786
-0.0337402 -0.138511 -0.989786
0.386244 -0.791916 0.472954
-0.386244 0.791916 0.472954
0.0981233 -0.804327 0.586028
-0.0981233 0.804327 0.586028
-0.577405 0.385529 -0.719703
0.577405 -0.385529 -0.719703
-0.237987 0.695209 0.678267
0.237987 -0.695209 0.678267
-0.00864034 0.109908 0.993904
0.00864034 -0.109908 0.993904
0.0836329 -0.641282 0.762734
-0.0836329 0.641282 0.762734
0.935179 -0.0929127 -0.341771
-0.935179 0.0929127 -0.341771
-0.803022 -0.549624 -0.230367
0.803022 0.549624 -0.230367
0.0343659 -0.592288 -0.804993
-0.0343659 0.592288 -0.804993
0.904615 -0.097172 -0.415005
-0.904615 0.097172 -0.415005
-0.790395 0.513358 -0.334275
0.790395 -0.513358 -0.334275
-0.848257 -0.484649 -0.213483
0.848257 0.484649 -0.213483
-0.0185571 0.922511 0.385525
0.0185571 -0.922511 0.385525
0.928417 -0.18758 -0.320712
-0.928417 0.18758 -0.320712
0.804328 -0.192466 0.562151
-0.804328 0.192466 0.562151
-0.496667 -0.458189 0.737147
0.496667 0.458189 0.737147
0.0614697 -0.166842 0.984066
-0.0614697 0.166842 0.984066
-0.944384 0.0463142 0.325566
0.944384 -0.0463142 0.325566
0.100246 0.955916 -0.276
-0.100246 -0.955916 -0.276
-0.282406 0.82923 -0.482312
0.282406 -0.82923 -0.482312
-0.252955 0.0234409 0.967194
0.252955 -0.0234409 0.967194
-0.464779 0.372374 0.803317
0.464779 -0.372374 0.803317
-0.517631 0.562137 -0.645028
0.517631 -0.562137 -0.645028
-0.00968472 -0.223333 -0.974694
0.00968472 0.223333 -0.974694
0.70737 0.0044391 0.706829
-0.70737 -0.0044391 0.706829
-0.0795228 0.588368 0.804674
0.0795228 -0.588368 0.804674
-0.509795 -0.367419 0.77789
0.509795 0.367419 0.77789
0.112901 -0.853057 0.509457
-0.112901 0.853057 0.509457
0.305244 -0.864207 -0.399966
-0.305244 0.864207 -0.399966
0.0758469 0.57698 -0.813229
-0.0758469 -0.57698 -0.813229
-0.36663 -0.771992 -0.51924
0.36663 0.771992 -0.51924
0.755384 -0.623802 -0.200664
-0.755384 0.623802 -0.200664
0.10664 0.300488 -0.947806
-0.10664 -0.300488 -0.947806
-0.2571 0.460212 0.849767
0.2571 -0.460212 0.849767
0.377941 0.728258 0.571665
-0.377941 -0.728258 0.571665
-0.119023 0.167995 -0.978576
0.119023 -0.167995 -0.978576
-0.571483 -0.131755 -0.809968
0.571483 0.131755 -0.809968
-0.387588 -0.0916498 -0.917265
0.387588 0.0916498 -0.917265
-0.822787 -0.157293 0.546151
0.822787 0.157293 0.546151
-0.614851 0.264658 0.742909
0.614851 -0.264658 0.742909
-0.328045 -0.117546 0.93732
0.328045 0.117546 0.93732
-0.321086 0.937369 -0.135067
0.321086 -0.937369 -0.135067
-0.33673 -0.360857 -0.86971
0.33673 0.360857 -0.86971
-0.935097 0.215694 -0.281193
0.935097 -0.215694 -0.281193
0.307854 0.783329 0.54002
-0.307854 -0.783329 0.54002
-0.382188 0.184248 -0.90553
0.382188 -0.184248 -0.90553
0.555923 0.53282 -0.638006
-0.555923 -0.53282 -0.638006
-0.246419 0.284723 0.926396
0.246419 -0.284723 0.926396
-0.331715 -0.134577 -0.933731
0.331715 0.134577 -0.933731
-0.593178 0.804394 0.0330132
0.593178 -0.804394 0.0330132
-0.111589 -0.793873 -0.597758
0.111589 0.793873 -0.597758
-0.93227 -0.0117136 0.361572
0.93227 0.0117136 0.361572
-0.774 -0.41 -0.482519
0.774 0.41 -0.482519
-0.200628 0.19471 -0.960123
0.200628 -0.19471 -0.960123
0.168355 0.837635 -0.519638
-0.168355 -0.837635 -0.519638
0.143808 0.18483 -0.972192
-0.143808 -0.18483 -0.972192
0.589497 -0.256199 -0.766065
-0.589497 0.256199 -0.766065
0.501349 -0.762413 -0.409115
-0.501349 0.762413 -0.409115
-0.318989 -0.165225 -0.933245
0.318989 0.165225 -0.933245
0.327683 0.893239 0.307812
-0.327683 -0.893239 0.307812
0.485393 -0.332129 0.808755
-0.485393 0.332129 0.808755
-0.686255 0.650908 0.324614
0.686255 -0.650908 0.324614
0.171881 0.865007 -0.471403
-0.171881 -0.865007 -0.471403
0.244682 0.287432 -0.92602
-0.244682 -0.287432 -0.92602
-0.409712 -0.780351 -0.472429
0.409712 0.780351 -0.472429
0.235765 -0.545195 -0.804473
-0.235765 0.545195 -0.804473
-0.289816 -0.884139 0.366477
0.289816 0.884139 0.366477
-0.453322 -0.4049 -0.794075
0.453322 0.4049 -0.794075
-0.497939 0.592168 -0.633557
0.497939 -0.592168 -0.633557
-0.144607 0.344116 0.927725
0.144607 -0.344116 0.927725
0.630696 0.0450382 -0.774722
-0.630696 -0.0450382 -0.774722
0.626838 -0.483626 -0.610884
-0.626838 0.483626 -0.610884
-0.181995 0.0795564 0.980076
0.181995 -0.0795564 0.980076
-0.394198 0.409872 0.822565
0.394198 -0.409872 0.822565
-0.134171 0.455923 0.879848
0.134171 -0.455923 0.879848
-0.525814 0.318559 0.788695
0.525814 -0.318559 0.788695
0.38719 -0.387505 0.836615
-0.38719 0.387505 0.836615
-0.243369 0.542007 -0.804363
0.243369 -0.542007 -0.804363
-0.673675 -0.715899 -0.183443
0.673675 0.715899 -0.183443
0.130817 -0.81435 -0.565439
-0.130817 0.81435 -0.565439
0.361563 0.870788 -0.333168
-0.361563 -0.870788 -0.333168
0.399688 0.201948 -0.894129
-0.399688 -0.201948 -0.894129
-0.437686 -0.788733 -0.43166
0.437686 0.788733 -0.43166
-0.716258 -0.478577 0.507877
0.716258 0.478577 0.507877
0.366498 -0.559097 0.7437
-0.366498 0.559097 0.7437
0.186034 0.785668 0.590014
-0.186034 -0.785668 0.590014
-0.249157 0.497685 -0.830801
0.249157 -0.497685 -0.830801
0.131117 -0.137869 0.981734
-0.131117 0.137869 0.981734
-0.118507 -0.917409 0.37989
0.118507 0.917409 0.37989
-0.184512 -0.182973 -0.965648
0.184512 0.182973 -0.965648
0.455877 0.330759 0.826302
-0.455877 -0.330759 0.826302
-0.473568 -0.583199 0.66001
0.46041 0.559298 0.689353
0.137189 -0.763047 0.631615
-0.137189 0.763047 0.631615
0.0152425 0.928471 -0.371092
-0.0152425 -0.928471 -0.371092
-0.36915 -0.202447 -0.907052
0.36915 0.202447 -0.907052
-0.0207545 0.334894 0.942027
0.0207545 -0.334894 0.942027
-0.466744 -0.269367 -0.842372
0.466744 0.269367 -0.842372
0.284658 0.297038 0.911448
-0.284658 -0.297038 0.911448
-0.406135 0.712997 -0.571568
0.406135 -0.712997 -0.571568
-0.82224 -0.321224 0.469827
0.82224 0.321224 0.469827
-0.520607 -0.171499 -0.836395
0.520607 0.171499 -0.836395
0.503812 -0.646356 -0.573059
-0.503812 0.646356 -0.573059
0.677942 0.547292 0.490781
-0.677942 -0.547292 0.490781
0.521112 -0.181244 0.834022
-0.521112 0.181244 0.834022
-0.661332 0.654477 -0.36647
0.661332 -0.654477 -0.36647
-0.258437 0.263501 0.929396
0.258437 -0.263501 0.929396
-0.465036 0.0166705 0.885135
0.465036 -0.0166705 0.885135
-0.330329 -0.823162 -0.46183
0.330329 0.823162 -0.46183
-0.495357 0.197584 -0.845921
0.495357 -0.197584 -0.845921
-0.0411772 0.110579 -0.993014
0.0411772 -0.110579 -0.993014
0.327224 0.856729 0.398672
-0.327224 -0.856729 0.398672
0.748179 -0.660742 0.060392
-0.748179 0.660742 0.060392
0.0180426 0.570963 -0.820778
-0.0180426 -0.570963 -0.820778
0.286506 -0.456658 -0.842246
-0.286506 0.456658 -0.842246
0.285066 -0.784259 -0.551068
-0.285066 0.784259 -0.551068
0.192619 0.32329 0.926489
-0.192619 -0.32329 0.926489
-0.44274 -0.186992 -0.876935
0.44274 0.186992 -0.876935
-0.662147 -0.144361 0.735337
0.662147 0.144361 0.735337
0.346841 -0.577298 0.739208
-0.346841 0.577298 0.739208
0.101479 0.968414 -0.227762
-0.101479 -0.968414 -0.227762
0.178094 0.678348 -0.71283
-0.178094 -0.678348 -0.71283
-0.547075 -0.516949 0.658386
0.547075 0.516949 0.658386
-0.670429 -0.194767 0.715954
0.670429 0.194767 0.715954
-0.249761 0.400682 -0.881518
0.249761 -0.400682 -0.881518
0.452966 -0.786147 -0.420469
-0.452966 0.786147 -0.420469
0.0842498 -0.345843 0.934502
-0.0842498 0.345843 0.934502
-0.561654 -0.0915747 -0.822289
0.561654 0.0915747 -0.822289
0.187925 0.317441 0.929471
-0.187925 -0.317441 0.929471
-0.210449 -0.751922 0.62476
0.210449 0.751922 0.62476
-0.871643 -0.270174 0.408955
0.871643 0.270174 0.408955
-0.0128971 -0.720384 0.693456
0.0128971 0.720384 0.693456
0.13293 0.0410562 0.990275
-0.13293 -0.0410562 0.990275
-0.379596 -0.126285 0.916493
0.379596 0.126285 0.916493
-0.34055 -0.14788 0.928524
0.34055 0.14788 0.928524
0.395374 -0.325268 -0.858999
-0.395374 0.325268 -0.858999
0.194009 -0.687788 0.699505
-0.194009 0.687788 0.699505
-0.649655 -0.352261 -0.673692
0.649655 0.352261 -0.673692
0.173263 0.137536 -0.975225
-0.173263 -0.137536 -0.975225
0.508259 0.158908 -0.846417
-0.508259 -0.158908 -0.846417
0.426308 -0.848338 0.313981
-0.426308 0.848338 0.313981
0.64623 0.0671351 0.760184
-0.64623 -0.0671351 0.760184
-0.0523659 -0.118331 0.991592
0.0523659 0.118331 0.991592
-0.356082 0.369472 -0.85831
0.356082 -0.369472 -0.85831
0.00862859 -0.70194 0.712184
-0.00862859 0.70194 0.712184
0.872234 -0.333622 0.357637
-0.872234 0.333622 0.357637
-0.540504 -0.67204 -0.50618
0.540504 0.67204 -0.50618
-0.240093 -0.894561 -0.376984
0.240093 0.894561 -0.376984
0.550897 0.440979 -0.708555
-0.550897 -0.440979 -0.708555
0.807831 -0.318637 -0.495862
-0.807831 0.318637 -0.495862
0.381692 -0.912421 -0.147643
-0.381692 0.912421 -0.147643
-0.27907 0.571279 -0.771855
0.27907 -0.571279 -0.771855
-0.422045 -0.0475131 0.905329
0.422045 0.0475131 0.905329
-0.734316 0.222177 0.641418
0.734316 -0.222177 0.641418
-0.0151362 -0.703423 -0.71061
0.0151362 0.703423 -0.71061
-0.165067 0.849719 0.50073
0.165067 -0.849719 0.50073
-0.660136 -0.569332 0.489981
0.660136 0.569332 0.489981
0.718715 0.0181692 -0.695068
-0.718715 -0.0181692 -0.695068
0.340716 -0.801131 -0.492038
-0.340716 0.801131 -0.492038
0.535889 -0.182516 0.824325
-0.535889 0.182516 0.824325
-0.238018 0.42153 0.87502
0.238018 -0.42153 0.87502
-0.839972 -0.377122 -0.390162
0.839972 0.377122 -0.390162
-0.625734 -0.404406 0.667018
0.625734 0.404406 0.667018
0.474127 -0.374451 -0.796862
-0.474127 0.374451 -0.796862
-0.0207065 -0.340708 0.939941
0.0207065 0.340708 0.939941
-0.495786 0.847558 0.189318
0.495786 -0.847558 0.189318
0.0893182 0.48155 -0.871856
-0.0893182 -0.48155 -0.871856
-0.898113 0.43671 0.0517464
0.898113 -0.43671 0.0517464
-0.346545 -0.0095543 0.937985
0.346545 0.0095543 0.937985
0.479173 0.641319 -0.599252
-0.479173 -0.641319 -0.599252
-0.276214 -0.862965 -0.423082
0.276214 0.862965 -0.423082
0.426183 -0.0401264 0.903747
-0.426183 0.0401264 0.903747
-0.842396 0.0104329 0.538758
0.842396 -0.0104329 0.538758
-0.231973 -0.913783 -0.33345
0.231973 0.913783 -0.33345
-0.17268 -0.0602974 0.983131
0.17268 0.0602974 0.983131
-0.118357 0.744416 -0.657143
0.118357 -0.744416 -0.657143
0.427847 0.530422 0.731847
-0.427847 -0.530422 0.731847
0.384086 0.530086 0.755967
-0.384086 -0.530086 0.755967
-0.330057 -0.146732 -0.932487
0.330057 0.146732 -0.932487
0.157801 0.473942 -0.866301
-0.157801 -0.473942 -0.866301
0.029456 -0.616047 -0.787159
-0.029456 0.616047 -0.787159
-0.41549 -0.499829 0.75996
0.41549 0.499829 0.75996
-0.428791 -0.893717 0.131937
0.428791 0.893717 0.131937
0.641157 0.457542 -0.616095
-0.641157 -0.457542 -0.616095
-0.43603 -0.136987 0.889445
0.43603 0.136987 0.889445
0.782713 0.288153 -0.551659
-0.782713 -0.288153 -0.551659
-0.392952 -0.560873 0.728705
0.392952 0.560873 0.728705
0.351257 -0.272781 0.895661
-0.351257 0.272781 0.895661
-0.692516 -0.214841 -0.688669
0.692516 0.214841 -0.688669
-0.751985 -0.278339 -0.597533
0.751985 0.278339 -0.597533
0.409902 -0.72189 -0.557544
-0.409902 0.72189 -0.557544
0.411824 0.623515 0.664553
-0.411824 -0.623515 0.664553
-0.454948 -0.740819 0.494176
0.454948 0.740819 0.494176
0.823667 0.526793 0.209909
-0.823667 -0.526793 0.209909
-0.115441 0.761615 0.637665
0.115441 -0.761615 0.637665
0.107443 0.169052 -0.979733
-0.107443 -0.169052 -0.979733
0.253156 -0.42023 0.871389
-0.253156 0.42023 0.871389
-0.475086 0.162376 0.864828
0.475086 -0.162376 0.864828
-0.942116 -0.334848 0.0171385
0.942116 0.334848 0.0171385
-0.163342 0.329399 0.929955
0.163342 -0.329399 0.929955
-0.851151 -0.256354 -0.458066
0.851151 0.256354 -0.458066
-0.618197 0.710688 0.335791
0.618197 -0.710688 0.335791
0.511356 -0.350458 0.784662
-0.511356 0.350458 0.784662
-0.536028 -0.0145455 0.844075
0.536028 0.0145455 0.844075
0.658784 0.256075 0.70741
-0.658784 -0.256075 0.70741
0.905905 -0.136483 -0.400885
-0.905905 0.136483 -0.400885
-0.218335 0.671654 0.707963
0.218335 -0.671654 0.707963
0.80583 -0.542593 -0.237131
-0.80583 0.542593 -0.237131
0.312294 -0.904534 -0.290331
-0.312294 0.904534 -0.290331
0.884901 -0.127401 -0.448016
-0.884901 0.127401 -0.448016
0.609896 0.0780035 0.788633
-0.609896 -0.0780035 0.788633
0.282059 -0.79275 -0.54036
-0.282059 0.79275 -0.54036
-0.124543 0.423063 -0.8975
0.124543 -0.423063 -0.8975
-0.0135589 0.100063 -0.994889
0.0135589 -0.100063 -0.994889
0.076661 -0.293674 0.952827
-0.076661 0.293674 0.952827
0.703331 0.0637734 -0.707996
-0.703331 -0.0637734 -0.707996
0.0238979 -0.802128 0.596674
-0.0238979 0.802128 0.596674
-0.817146 -0.0175297 -0.576165
0.817146 0.0175297 -0.576165
-0.715951 -0.421198 0.556782
0.715951 0.421198 0.556782
0.404489 0.582486 0.705052
-0.404489 -0.582486 0.705052
0.746697 0.609362 0.266687
-0.746697 -0.609362 0.266687
0.100659 0.969128 -0.225074
-0.100659 -0.969128 -0.225074
-0.437814 0.333433 0.83495
0.437814 -0.333433 0.83495
0.715181 -0.0204011 0.698641
-0.715181 0.0204011 0.698641
-0.207726 0.473642 0.85587
0.207726 -0.473642 0.85587
0.40482 0.433662 0.805021
-0.40482 -0.433662 0.805021
0.425137 -0.509553 0.748074
-0.425137 0.509553 0.748074
0.49137 0.419943 0.763022
-0.49137 -0.419943 0.763022
-0.272379 -0.961288 -0.0416658
0.272379 0.961288 -0.0416658
-0.52635 -0.560102 0.63972
0.524477 0.558054 0.643039
-0.291763 0.241676 0.925455
0.291763 -0.241676 0.925455
-0.369601 -0.226092 0.901264
0.369601 0.226092 0.901264
0.614036 0.640497 0.461219
-0.614036 -0.640497 0.461219
-0.11059 -0.0154606 0.993746
0.11059 0.0154606 0.993746
0.618366 -0.0473031 0.784465
-0.618366 0.0473031 0.784465
0.435823 -0.651856 0.620599
-0.435823 0.651856 0.620599
-0.351825 -0.0137395 0.935965
0.351825 0.0137395 0.935965
0.322621 0.12196 0.938638
-0.322621 -0.12196 0.938638
-0.471707 0.709334 0.523773
0.471707 -0.709334 0.523773
0.879359 -0.471839 -0.0639936
-0.879359 0.471839 -0.0639936
0.383402 0.669436 -0.636285
0.450141 0.63784 0.624926
0.911356 -0.0625325 -0.406842
-0.911356 0.0625325 -0.406842
0.569755 -0.100181 0.815686
-0.569755 0.100181 0.815686
-0.303384 -0.80017 -0.517383
0.303384 0.80017 -0.517383
0.0415077 0.194439 0.980036
-0.0415077 -0.194439 0.980036
0.616811 0.295464 0.729551
-0.616811 -0.295464 0.729551
0.312502 0.643862 0.698415
-0.312502 -0.643862 0.698415
-0.69251 -0.0689438 -0.718106
0.69251 0.0689438 -0.718106
-0.35456 0.675365 -0.64666
0.35456 -0.675365 -0.64666
-0.722287 -0.608939 0.327862
0.722287 0.608939 0.327862
0.673012 -0.353364 0.649761
-0.673012 0.353364 0.649761
-0.357328 -0.126038 0.925436
0.357328 0.126038 0.925436
-0.366018 -0.797654 0.479353
0.366018 0.797654 0.479353
0.0141596 0.274128 0.961589
-0.0141596 -0.274128 0.961589
0.477861 0.282626 0.831728
-0.477861 -0.282626 0.831728
0.798398 0.575025 0.178626
-0.798398 -0.575025 0.178626
-0.123827 0.0902083 0.988195
0.123827 -0.0902083 0.988195
-0.428452 0.694212 0.578359
0.428452 -0.694212 0.578359
-0.426381 0.701213 0.571401
0.426381 -0.701213 0.571401
-0.606756 -0.0931812 -0.789408
0.606756 0.0931812 -0.789408
-0.379204 -0.622197 -0.68489
0.379204 0.622197 -0.68489
0.439656 -0.783331 -0.439427
-0.439656 0.783331 -0.439427
0.132252 0.388521 -0.9119
-0.132252 -0.388521 -0.9119
-0.899468 -0.371283 0.230449
0.899468 0.371283 0.230449
0.193303 -0.763082 0.616717
-0.193303 0.763082 0.616717
0.333149 0.539251 0.773447
-0.333149 -0.539251 0.773447
0.58291 0.513732 -0.62952
-0.58291 -0.513732 -0.62952
-0.206566 -0.493897 -0.844628
0.206566 0.493897 -0.844628
0.321964 0.462145 -0.826294
-0.321964 -0.462145 -0.826294
-0.543342 0.434547 -0.718296
0.543342 -0.434547 -0.718296
0.547019 0.809377 0.213728
-0.547019 -0.809377 0.213728
0.368011 0.634518 0.679672
-0.368011 -0.634518 0.679672
0.0992144 -0.631223 0.769229
-0.0992144 0.631223 0.769229
0.20153 0.378485 0.903402
-0.20153 -0.378485 0.903402
-0.362068 -0.534694 -0.76355
0.362068 0.534694 -0.76355
-0.0208973 -0.240268 -0.970482
0.0208973 0.240268 -0.970482
0.271128 0.12887 0.953877
-0.271128 -0.12887 0.953877
-0.0746853 0.589675 0.80418
0.0746853 -0.589675 0.80418
0.41743 0.19971 0.886492
-0.41743 -0.19971 0.886492
0.647782 -0.195794 0.736236
-0.647782 0.195794 0.736236
-0.118305 -0.937626 -0.326896
0.118305 0.937626 -0.326896
0.220975 -0.635139 -0.740114
-0.220975 0.635139 -0.740114
0.488224 0.0246315 -0.872371
-0.488224 -0.0246315 -0.872371
0.219251 -0.693641 0.686142
-0.219251 0.693641 0.686142
0.147153 0.770285 0.620489
-0.147153 -0.770285 0.620489
0.335345 0.578291 -0.743722
-0.335345 -0.578291 -0.743722
0.544234 -0.793536 0.272231
-0.544234 0.793536 0.272231
0.711089 0.286701 0.641994
-0.711089 -0.286701 0.641994
-0.800763 0.000286171 -0.598982
0.800763 -0.000286171 -0.598982
-0.22718 -0.786224 -0.574666
0.22718 0.786224 -0.574666
0.132554 -0.068177 -0.988828
-0.132554 0.068177 -0.988828
0.826848 0.312216 0.467807
-0.826848 -0.312216 0.467807
0.704713 0.692086 0.156196
-0.704713 -0.692086 0.156196
-0.338826 -0.061178 -0.938858
0.338826 0.061178 -0.938858
-0.640275 -0.690355 -0.336836
0.640275 0.690355 -0.336836
-0.467532 -0.068289 -0.881334
0.467532 0.068289 -0.881334
0.24716 -0.878337 0.40919
-0.24716 0.878337 0.40919
-0.248677 0.790429 -0.559805
0.248677 -0.790429 -0.559805
-0.722893 -0.396179 0.566098
0.722893 0.396179 0.566098
0.549535 -0.423612 0.720114
-0.549535 0.423612 0.720114
0.497901 0.0532957 0.865595
-0.497901 -0.0532957 0.865595
0.198067 0.976298 -0.0872504
-0.198067 -0.976298 -0.0872504
-0.64277 0.232637 -0.729882
0.64277 -0.232637 -0.729882
-0.0484925 -0.128421 -0.990533
0.0484925 0.128421 -0.990533
-0.417664 -0.604032 0.678751
0.396869 0.604908 0.690349
0.356283 -0.469582 -0.807809
-0.356283 0.469582 -0.807809
-0.247008 0.852711 0.460295
0.247008 -0.852711 0.460295
-0.22536 0.0494616 -0.973019
0.22536 -0.0494616 -0.973019
0.72102 -0.63986 -0.265913
-0.72102 0.63986 -0.265913
-0.364249 -0.698275 0.616227
0.364249 0.698275 0.616227
-0.566161 0.191843 0.801659
0.566161 -0.191843 0.801659
0.554075 0.302677 -0.775492
-0.554075 -0.302677 -0.775492
-0.606154 -0.794981 0.0241321
0.606154 0.794981 0.0241321
-0.151412 0.193768 0.969293
0.151412 -0.193768 0.969293
-0.945254 -0.074095 0.317812
0.945254 0.074095 0.317812
-0.549478 -0.0817259 -0.831502
0.549478 0.0817259 -0.831502
0.079672 0.519586 -0.850696
-0.079672 -0.519586 -0.850696
0.634623 0.559596 0.533016
-0.634623 -0.559596 0.533016
0.864365 -0.249045 -0.436863
-0.864365 0.249045 -0.436863
-0.290295 0.870773 -0.396842
0.290295 -0.870773 -0.396842
0.466952 -0.349722 -0.812189
-0.466952 0.349722 -0.812189
0.617841 0.0279017 -0.785808
-0.617841 -0.0279017 -0.785808
-0.403867 0.00648049 0.914795
0.403867 -0.00648049 0.914795
-0.708887 0.274883 0.649553
0.708887 -0.274883 0.649553
-0.129754 -0.391357 -0.911045
0.129754 0.391357 -0.911045
-0.584577 -0.37778 0.71802
0.584577 0.37778 0.71802
-0.642361 0.275938 0.715004
0.642361 -0.275938 0.715004
-0.26829 -0.489886 -0.829477
0.26829 0.489886 -0.829477
0.373251 -0.72493 0.57893
-0.373251 0.72493 0.57893
0.84817 0.449278 0.280636
-0.84817 -0.449278 0.280636
-0.837866 -0.203626 -0.506475
0.837866 0.203626 -0.506475
-0.636121 -0.708432 -0.305736
0.636121 0.708432 -0.305736
-0.111385 -0.95316 -0.281212
0.111385 0.95316 -0.281212
0.433264 0.470619 -0.768635
-0.433264 -0.470619 -0.768635
0.220331 0.959144 -0.177475
-0.220331 -0.959144 -0.177475
-0.0804019 -0.502519 0.86082
0.0804019 0.502519 0.86082
-0.637482 -0.666081 -0.387238
0.637482 0.666081 -0.387238
-0.192922 -0.436812 -0.878622
0.192922 0.436812 -0.878622
0.193898 0.195372 -0.961371
-0.193898 -0.195372 -0.961371
-0.366851 0.851649 -0.374318
0.366851 -0.851649 -0.374318
-0.696207 -0.298781 -0.652707
0.696207 0.298781 -0.652707
0.145178 0.88551 -0.441357
-0.145178 -0.88551 -0.441357
0.230757 0.215399 -0.94887
-0.230757 -0.215399 -0.94887
0.153896 0.411764 -0.898202
-0.153896 -0.411764 -0.898202
0.207555 -0.732693 -0.648138
-0.207555 0.732693 -0.648138
0.544363 0.816753 0.191268
-0.544363 -0.816753 0.191268
0.092439 0.421711 -0.902006
-0.092439 -0.421711 -0.902006
0.36573 0.59498 -0.715709
-0.36573 -0.59498 -0.715709
-0.180143 -0.598502 -0.780605
0.180143 0.598502 -0.780605
0.997591 -0.0652328 0.0235842
-0.997591 0.0652328 0.0235842
-0.786641 0.348409 0.509712
0.786641 -0.348409 0.509712
0.551569 -0.295041 -0.780207
-0.551569 0.295041 -0.780207
0.10878 0.266731 0.957612
-0.10878 -0.266731 0.957612
-0.860746 -0.464034 0.209256
0.860746 0.464034 0.209256
-0.487767 0.390365 -0.780832
0.487767 -0.390365 -0.780832
-0.115444 -0.648031 -0.752813
0.115444 0.648031 -0.752813
0.679178 0.415991 -0.604706
-0.679178 -0.415991 -0.604706
-0.618814 -0.430989 0.656748
0.618814 0.430989 0.656748
0.282969 0.941728 -0.181872
-0.282969 -0.941728 -0.181872
0.568575 0.283703 -0.772162
-0.568575 -0.283703 -0.772162
0.720835 -0.629929 -0.289112
-0.720835 0.629929 -0.289112
0.578179 -0.792851 0.192605
-0.578179 0.792851 0.192605
0.243708 -0.129236 -0.961199
-0.243708 0.129236 -0.961199
-0.0203071 0.748824 -0.662458
0.0203071 -0.748824 -0.662458
0.383539 0.73837 -0.554715
-0.383539 -0.73837 -0.554715
0.654722 0.319368 -0.685086
-0.654722 -0.319368 -0.685086
-0.2907 -0.194295 -0.936879
0.2907 0.194295 -0.936879
-0.95087 -0.247337 0.186201
0.95087 0.247337 0.186201
0.61471 -0.366808 0.698271
-0.61471 0.366808 0.698271
-0.0598509 -0.128676 0.989879
0.0598509 0.128676 0.989879
-0.150476 0.959147 -0.23957
0.150476 -0.959147 -0.23957
0.522452 0.776977 0.351213
-0.522452 -0.776977 0.351213
0.275647 0.418189 0.865527
-0.275647 -0.418189 0.865527
0.518437 -0.277013 -0.809003
-0.518437 0.277013 -0.809003
0.439407 -0.362398 -0.821942
-0.439407 0.362398 -0.821942
0.568405 -0.160374 0.806967
-0.568405 0.160374 0.806967
0.169563 0.19139 -0.966757
-0.169563 -0.19139 -0.966757
-0.899493 0.148917 0.410775
0.899493 -0.148917 0.410775
-0.0183659 -0.721702 -0.691961
0.0183659 0.721702 -0.691961
-0.806678 -0.202537 -0.555201
0.806678 0.202537 -0.555201
0.12445 0.210467 -0.969647
-0.12445 -0.210467 -0.969647
-0.55286 -0.753582 0.355611
0.55286 0.753582 0.355611
0.646186 -0.282716 -0.708883
-0.646186 0.282716 -0.708883
-0.206062 0.675481 -0.708
0.206062 -0.675481 -0.708
-0.786139 -0.28204 0.549945
0.786139 0.28204 0.549945
0.99576 -0.0911396 0.0124918
-0.99576 0.0911396 0.0124918
0.658532 0.7151 -0.234453
-0.658532 -0.7151 -0.234453
0.699297 -0.476089 -0.53322
-0.699297 0.476089 -0.53322
0.935474 0.343087 -0.0847369
-0.935474 -0.343087 -0.0847369
-0.406326 -0.432889 -0.804678
0.406326 0.432889 -0.804678
0.833147 -0.187768 -0.520202
-0.833147 0.187768 -0.520202
0.698745 0.355177 -0.620971
-0.698745 -0.355177 -0.620971
0.0242803 0.964007 0.264766
-0.0242803 -0.964007 0.264766
0.0555057 -0.273931 0.960146
-0.0555057 0.273931 0.960146
0.523723 0.730988 -0.437459
-0.523723 -0.730988 -0.437459
0.945057 0.054418 -0.322345
-0.945057 -0.054418 -0.322345
0.100962 -0.377581 0.920456
-0.100962 0.377581 0.920456
-0.665973 -0.729859 0.154223
0.665973 0.729859 0.154223
0.17471 0.784901 0.594481
-0.17471 -0.784901 0.594481
-0.162663 -0.737085 -0.655931
0.162663 0.737085 -0.655931
-0.332442 0.144696 -0.931958
0.332442 -0.144696 -0.931958
0.315399 0.312035 0.896191
-0.315399 -0.312035 0.896191
0.285054 -0.388114 0.87642
-0.285054 0.388114 0.87642
0.374285 -0.278461 -0.884517
-0.374285 0.278461 -0.884517
-0.592263 -0.646303 -0.481163
0.592263 0.646303 -0.481163
-0.247569 0.38011 -0.891193
0.247569 -0.38011 -0.891193
-0.460411 0.870047 0.176181
0.460411 -0.870047 0.176181
-0.0742274 0.49224 -0.867289
0.0742274 -0.49224 -0.867289
0.94162 0.175669 0.287215
-0.94162 -0.175669 0.287215
0.177622 0.430148 -0.885112
-0.177622 -0.430148 -0.885112
0.629169 0.479748 0.611546
-0.629169 -0.479748 0.611546
-0.0192859 0.146538 0.989017
0.0192859 -0.146538 0.989017
-0.141921 -0.0682228 0.987524
0.141921 0.0682228 0.987524
0.886494 0.387427 -0.25304
-0.886494 -0.387427 -0.25304
-0.585854 0.733075 -0.345508
0.585854 -0.733075 -0.345508
0.281168 0.652854 -0.703368
-0.281168 -0.652854 -0.703368
-0.0560035 0.382287 0.922345
0.0560035 -0.382287 0.922345
-0.702077 -0.0690998 0.70874
0.702077 0.0690998 0.70874
-0.424684 -0.33341 0.841713
0.424684 0.33341 0.841713
0.63867 -0.0143957 -0.769346
-0.63867 0.0143957 -0.769346
-0.0589289 -0.36638 0.928597
0.0589289 0.36638 0.928597
0.301953 -0.822615 0.481799
-0.301953 0.822615 0.481799
0.385836 0.14282 0.911445
-0.385836 -0.14282 0.911445
0.166381 -0.40559 0.898785
-0.166381 0.40559 0.898785
0.310157 0.425245 0.850276
-0.310157 -0.425245 0.850276
-0.234115 -0.302217 0.924043
0.234115 0.302217 0.924043
-0.707926 0.0678303 0.703022
0.707926 -0.0678303 0.703022
0.615133 0.00262966 0.788419
-0.615133 -0.00262966 0.788419
-0.470669 0.111407 0.875248
0.470669 -0.111407 0.875248
0.497789 -0.161957 0.852042
-0.497789 0.161957 0.852042
-0.29608 0.445686 -0.844808
0.29608 -0.445686 -0.844808
-0.0788922 -0.867649 -0.490877
0.0788922 0.867649 -0.490877
0.114365 -0.958305 0.261862
-0.114365 0.958305 0.261862
-0.365848 -0.0544147 -0.929083
0.365848 0.0544147 -0.929083
0.328539 0.565458 -0.756518
-0.328539 -0.565458 -0.756518
-0.26591 0.550463 0.79138
0.26591 -0.550463 0.79138
-0.41113 0.348995 0.842125
0.41113 -0.348995 0.842125
-0.750818 -0.527797 0.397119
0.750818 0.527797 0.397119
0.590183 -0.354388 0.725323
-0.590183 0.354388 0.725323
-0.493172 -0.120779 0.861507
0.493172 0.120779 0.861507
-0.859139 -0.229614 0.457337
0.859139 0.229614 0.457337
-0.0842739 0.407792 0.909178
0.0842739 -0.407792 0.909178
-0.565564 0.0231848 -0.824379
0.565564 -0.0231848 -0.824379
-0.586589 0.128128 0.799686
0.586589 -0.128128 0.799686
0.21504 0.17584 0.960644
-0.21504 -0.17584 0.960644
-0.19063 0.222764 0.956052
0.19063 -0.222764 0.956052
-0.160589 0.724118 -0.67072
0.160589 -0.724118 -0.67072
0.0564726 -0.275452 0.959655
-0.0564726 0.275452 0.959655
0.969278 0.10496 0.222448
-0.969278 -0.10496 0.222448
-0.532989 -0.521621 0.666209
0.532989 0.521621 0.666209
-0.278408 0.329331 0.902236
0.278408 -0.329331 0.902236
0.959925 0.168558 -0.223902
-0.959925 -0.168558 -0.223902
-0.539055 -0.0554306 0.840444
0.539055 0.0554306 0.840444
0.555253 0.530473 -0.640541
-0.555253 -0.530473 -0.640541
-0.106129 0.353842 -0.929264
0.106129 -0.353842 -0.929264
0.230274 0.947212 -0.223078
-0.230274 -0.947212 -0.223078
0.0276215 -0.93034 -0.365656
-0.0276215 0.93034 -0.365656
-0.896143 0.230426 -0.379252
0.896143 -0.230426 -0.379252
-0.276588 -0.526415 0.803982
0.276588 0.526415 0.803982
0.0687038 0.175643 -0.982054
-0.0687038 -0.175643 -0.982054
-0.150684 -0.274739 -0.949638
0.150684 0.274739 -0.949638
0.0928509 0.912527 -0.398338
-0.0928509 -0.912527 -0.398338
0.188194 -0.667725 -0.720227
-0.188194 0.667725 -0.720227
0.617689 -0.194256 0.762053
-0.617689 0.194256 0.762053
0.0174309 0.486825 -0.873325
-0.0174309 -0.486825 -0.873325
0.527545 -0.847597 -0.0572275
-0.527545 0.847597 -0.0572275
0.0482979 0.94348 0.327892
-0.0482979 -0.94348 0.327892
-0.00833139 -0.643416 0.765471
0.00833139 0.643416 0.765471
0.539642 0.0446515 -0.84071
-0.539642 -0.0446515 -0.84071
0.286364 0.901891 -0.3234
-0.286364 -0.901891 -0.3234
-0.512371 -0.112576 0.851353
0.512371 0.112576 0.851353
0.772659 -0.18942 -0.605902
-0.772659 0.18942 -0.605902
0.00133657 0.202602 -0.97926
-0.00133657 -0.202602 -0.97926
0.18497 -0.953843 -0.236579
-0.18497 0.953843 -0.236579
0.691033 -0.432792 0.578934
-0.691033 0.432792 0.578934
0.991903 0.0269633 -0.124103
-0.991903 -0.0269633 -0.124103
-0.52031 -0.475486 -0.709359
0.52031 0.475486 -0.709359
-0.422967 0.420368 -0.802739
0.422967 -0.420368 -0.802739
0.380715 0.82896 -0.409733
-0.380715 -0.82896 -0.409733
0.820077 -0.375655 -0.43169
-0.820077 0.375655 -0.43169
0.315568 -0.277733 -0.907348
-0.315568 0.277733 -0.907348
0.499614 0.0491809 -0.864851
-0.499614 -0.0491809 -0.864851
-0.438339 0.605791 -0.663985
0.438339 -0.605791 -0.663985
0.821695 -0.456669 -0.340984
-0.821695 0.456669 -0.340984
0.204852 0.812541 0.545722
-0.204852 -0.812541 0.545722
0.490868 0.210599 -0.845397
-0.490868 -0.210599 -0.845397
-0.657152 -0.315394 0.684601
0.657152 0.315394 0.684601
-0.131892 0.726471 -0.674421
0.131892 -0.726471 -0.674421
0.941931 0.334297 0.0318189
-0.941931 -0.334297 0.0318189
0.300735 -0.0865899 -0.949769
-0.300735 0.0865899 -0.949769
0.570699 -0.546765 -0.612659
-0.570699 0.546765 -0.612659
-0.568983 0.00109662 -0.822348
0.568983 -0.00109662 -0.822348
-0.102982 -0.222055 -0.96958
0.102982 0.222055 -0.96958
0.14476 -0.154459 0.977337
-0.14476 0.154459 0.977337
0.388512 0.447905 0.805257
-0.388512 -0.447905 0.805257
0.883008 -0.261327 0.389878
-0.883008 0.261327 0.389878
-0.547737 -0.021252 0.83638
0.547737 0.021252 0.83638
-0.189166 0.76625 0.614067
0.189166 -0.76625 0.614067
0.429635 -0.408005 -0.805571
-0.429635 0.408005 -0.805571
0.146986 -0.791933 -0.592653
-0.146986 0.791933 -0.592653
0.189214 0.833926 -0.518426
-0.189214 -0.833926 -0.518426
0.357285 -0.0570085 -0.932254
-0.357285 0.0570085 -0.932254
0.623073 0.358067 -0.69539
-0.623073 -0.358067 -0.69539
-0.0376507 0.00203502 0.999289
0.0376507 -0.00203502 0.999289
0.39534 -0.103252 -0.912713
-0.39534 0.103252 -0.912713
-0.663397 0.531712 -0.526485
0.663397 -0.531712 -0.526485
0.844134 -0.488581 -0.220741
-0.844134 0.488581 -0.220741
-0.136463 0.3354 0.93214
0.136463 -0.3354 0.93214
-0.292278 0.0430925 0.955362
0.292278 -0.0430925 0.955362
0.172048 0.929756 0.325504
-0.172048 -0.929756 0.325504
-0.502196 -0.0822173 -0.860837
0.502196 0.0822173 -0.860837
-0.865035 -0.461445 -0.196931
0.865035 0.461445 -0.196931
-0.776061 0.205405 -0.596269
0.776061 -0.205405 -0.596269
-0.676346 0.661144 0.324723
0.676346 -0.661144 0.324723
-0.351511 0.449383 -0.821276
0.351511 -0.449383 -0.821276
-0.717829 -0.102242 -0.688671
0.717829 0.102242 -0.688671
0.158887 -0.333093 -0.929411
-0.158887 0.333093 -0.929411
-0.226407 -0.512668 -0.828198
0.226407 0.512668 -0.828198
-0.135265 -0.903602 -0.406456
0.135265 0.903602 -0.406456
0.512085 -0.762278 0.395855
-0.512085 0.762278 0.395855
0.228003 -0.836356 0.49852
-0.228003 0.836356 0.49852
0.385204 0.747518 -0.541142
-0.385204 -0.747518 -0.541142
-0.390139 -0.734381 -0.555407
0.390139 0.734381 -0.555407
-0.0968684 -0.722997 -0.684027
0.0968684 0.722997 -0.684027
-0.52089 -0.471776 -0.711408
0.52089 0.471776 -0.711408
-0.38046 0.482442 -0.788987
0.38046 -0.482442 -0.788987
-0.32573 -0.117956 0.938076
0.32573 0.117956 0.938076
0.594476 0.58301 -0.553803
-0.594476 -0.58301 -0.553803
0.352257 0.440835 0.825578
-0.352257 -0.440835 0.825578
0.0181673 0.334766 -0.942126
-0.0181673 -0.334766 -0.942126
0.79541 0.277018 0.539058
-0.79541 -0.277018 0.539058
0.454667 0.588437 -0.668595
-0.454667 -0.588437 -0.668595
0.0261461 -0.982972 -0.181885
-0.0261461 0.982972 -0.181885
0.0431662 -0.365925 -0.929643
-0.0431662 0.365925 -0.929643
0.0750829 0.984217 -0.160249
-0.0750829 -0.984217 -0.160249
0.474824 -0.402393 0.782702
-0.474824 0.402393 0.782702
-0.223553 -0.272446 0.93584
0.223553 0.272446 0.93584
-0.303549 0.182325 -0.935209
0.303549 -0.182325 -0.935209
-0.169702 -0.266988 -0.94864
0.169702 0.266988 -0.94864
-0.464303 -0.463607 -0.754646
0.464303 0.463607 -0.754646
-0.153962 0.110641 0.981863
0.153962 -0.110641 0.981863
0.16616 -0.0845988 0.982463
-0.16616 0.0845988 0.982463
-0.846027 -0.0688734 -0.528672
0.846027 0.0688734 -0.528672
0.541976 0.0273245 -0.83995
-0.541976 -0.0273245 -0.83995
-0.00511305 0.918183 0.396122
0.00511305 -0.918183 0.396122
0.0934658 0.229387 0.968837
-0.0934658 -0.229387 0.968837
-0.352215 0.741607 0.570932
0.352215 -0.741607 0.570932
0.040763 0.730681 0.681502
-0.040763 -0.730681 0.681502
-0.320586 0.455062 -0.830749
0.320586 -0.455062 -0.830749
-0.46715 -0.426753 -0.774373
0.46715 0.426753 -0.774373
0.420498 0.863167 0.279507
-0.420498 -0.863167 0.279507
0.176089 0.625922 0.759746
-0.176089 -0.625922 0.759746
-0.0167124 0.100175 0.994829
0.0167124 -0.100175 0.994829
0.515726 0.286578 -0.807403
-0.515726 -0.286578 -0.807403
0.577757 -0.0274674 0.815747
-0.577757 0.0274674 0.815747
-0.520889 0.720675 0.457496
0.520889 -0.720675 0.457496
-0.1049 0.305038 -0.946545
0.1049 -0.305038 -0.946545
0.468126 0.255677 0.845865
-0.468126 -0.255677 0.845865
0.523553 -0.119715 0.843541
-0.523553 0.119715 0.843541
0.197698 0.0554909 0.978691
-0.197698 -0.0554909 0.978691
-0.322811 -0.0488087 -0.945204
0.322811 0.0488087 -0.945204
0.219555 -0.494262 -0.84113
-0.219555 0.494262 -0.84113
-0.0211968 -0.736443 -0.676168
0.0211968 0.736443 -0.676168
0.479011 -0.304788 0.823197
-0.479011 0.304788 0.823197
0.30502 -0.626516 0.717245
-0.30502 0.626516 0.717245
0.884128 -0.182129 -0.430287
-0.884128 0.182129 -0.430287
0.00931953 0.894039 -0.447893
-0.00931953 -0.894039 -0.447893
-0.314329 -0.743878 0.589782
0.314329 0.743878 0.589782
0.476387 0.785546 -0.394933
-0.476387 -0.785546 -0.394933
-0.21993 0.0233478 0.975236
0.21993 -0.0233478 0.975236
0.682486 -0.180402 -0.708285
-0.682486 0.180402 -0.708285
0.479485 -0.366117 -0.797529
-0.479485 0.366117 -0.797529
-0.424822 -0.830328 0.360669
0.424822 0.830328 0.360669
-0.35474 0.720941 -0.595318
0.35474 -0.720941 -0.595318
-0.437161 -0.605094 -0.665396
0.437161 0.605094 -0.665396
0.171345 -0.0524114 -0.983816
-0.171345 0.0524114 -0.983816
-0.696594 -0.231493 -0.679094
0.696594 0.231493 -0.679094
-0.34133 -0.414854 0.843439
0.34133 0.414854 0.843439
0.15394 -0.449574 0.879878
-0.15394 0.449574 0.879878
0.11661 -0.12084 -0.985799
-0.11661 0.12084 -0.985799
-0.71745 -0.297319 0.629974
0.71745 0.297319 0.629974
-0.63046 0.350951 -0.692354
0.63046 -0.350951 -0.692354
0.375575 -0.144312 -0.915488
-0.375575 0.144312 -0.915488
-0.900808 0.234451 -0.365484
0.900808 -0.234451 -0.365484
0.416501 -0.373658 0.828798
-0.416501 0.373658 0.828798
0.815976 -0.412974 -0.404519
-0.815976 0.412974 -0.404519
-0.146399 0.110088 0.983081
0.146399 -0.110088 0.983081
-0.274484 -0.668479 -0.691227
0.274484 0.668479 -0.691227
0.164921 0.307933 -0.937005
-0.164921 -0.307933 -0.937005
-0.517602 0.614864 0.595005
0.517602 -0.614864 0.595005
0.00652371 -0.799353 -0.600826
-0.00652371 0.799353 -0.600826
0.299365 0.691454 -0.657474
-0.299365 -0.691454 -0.657474
0.644947 0.0120435 0.764132
-0.644947 -0.0120435 0.764132
0.54086 0.77134 0.335418
-0.54086 -0.77134 0.335418
-0.415539 -0.687031 -0.596084
0.415539 0.687031 -0.596084
0.648343 0.385064 -0.656794
-0.648343 -0.385064 -0.656794
0.54988 0.38397 -0.741754
-0.54988 -0.38397 -0.741754
-0.292154 -0.908254 0.299534
0.292154 0.908254 0.299534
-0.439871 0.171525 -0.881529
0.439871 -0.171525 -0.881529
0.161925 -0.0894299 -0.982742
-0.161925 0.0894299 -0.982742
0.10296 0.333582 -0.937082
-0.10296 -0.333582 -0.937082
0.642821 0.134314 0.754149
-0.642821 -0.134314 0.754149
0.184224 -0.59334 -0.783588
-0.184224 0.59334 -0.783588
-0.593953 0.101131 -0.798118
0.593953 -0.101131 -0.798118
0.232201 -0.894748 0.381455
-0.232201 0.894748 0.381455
-0.650893 -0.48262 -0.586018
0.650893 0.48262 -0.586018
0.886789 -0.172362 -0.428832
-0.886789 0.172362 -0.428832
-0.50251 -0.845194 0.182019
0.50251 0.845194 0.182019
-0.413641 -0.711713 -0.567772
0.413641 0.711713 -0.567772
0.78588 -0.0192889 -0.618078
-0.78588 0.0192889 -0.618078
-0.999681 0.0230921 0.0102523
0.999681 -0.0230921 0.0102523
-0.0102545 -0.667347 0.744677
0.0102545 0.667347 0.744677
-0.226013 -0.945957 -0.23256
0.226013 0.945957 -0.23256
-0.664001 -0.723159 -0.190118
0.664001 0.723159 -0.190118
0.725231 -0.457645 -0.514394
-0.725231 0.457645 -0.514394
-0.47365 0.623798 0.621718
0.47365 -0.623798 0.621718
-0.359593 0.90873 -0.211904
0.359593 -0.90873 -0.211904
-0.350229 0.814611 0.462329
0.350229 -0.814611 0.462329
0.14535 0.0991339 0.984401
-0.14535 -0.0991339 0.984401
0.626237 -0.495346 -0.602046
-0.626237 0.495346 -0.602046
-0.0725015 -0.031628 -0.996867
0.0725015 0.031628 -0.996867
-0.53112 0.445263 -0.720869
0.53112 -0.445263 -0.720869
0.899682 0.174368 0.400209
-0.899682 -0.174368 0.400209
-0.545906 0.474263 0.690697
0.545906 -0.474263 0.690697
0.0687115 0.480336 -0.874389
-0.0687115 -0.480336 -0.874389
0.603903 -0.185033 -0.775283
-0.603903 0.185033 -0.775283
-0.808752 -0.0354087 0.587082
0.808752 0.0354087 0.587082
0.514941 0.292716 0.8057
-0.514941 -0.292716 0.8057
-0.687816 -0.0988389 0.719125
0.687816 0.0988389 0.719125
-0.654602 0.220426 -0.723124
0.654602 -0.220426 -0.723124
-0.235018 0.478218 0.846212
0.235018 -0.478218 0.846212
-0.0235661 0.416361 -0.908894
0.0235661 -0.416361 -0.908894
-0.816786 -0.264468 0.512755
0.816786 0.264468 0.512755
0.453327 0.422727 0.784727
-0.453327 -0.422727 0.784727
-0.719182 0.0227565 -0.694449
0.719182 -0.0227565 -0.694449
-0.646294 -0.728648 -0.226663
0.646294 0.728648 -0.226663
-0.0405058 0.911131 -0.410122
0.0405058 -0.911131 -0.410122
-0.143395 -0.247399 -0.958244
0.143395 0.247399 -0.958244
0.71922 -0.622012 -0.309554
-0.71922 0.622012 -0.309554
-0.0236466 -0.435134 -0.900055
0.0236466 0.435134 -0.900055
-0.267527 -0.454417 -0.849667
0.267527 0.454417 -0.849667
0.393909 0.135258 0.909143
-0.393909 -0.135258 0.909143
-0.862411 0.42167 0.280074
0.862411 -0.42167 0.280074
-0.0630999 -0.344316 0.936731
0.0630999 0.344316 0.936731
-0.59338 -0.535145 0.601266
0.59338 0.535145 0.601266
-0.195458 0.340833 0.919581
0.195458 -0.340833 0.919581
0.396135 0.398879 -0.827026
-0.396135 -0.398879 -0.827026
0.353849 -0.302358 -0.885082
-0.353849 0.302358 -0.885082
-0.833174 -0.015881 -0.552783
0.833174 0.015881 -0.552783
0.0815158 -0.576642 -0.81292
-0.0815158 0.576642 -0.81292
-0.232838 -0.602445 0.763444
0.232838 0.602445 0.763444
0.628557 -0.651982 -0.42407
-0.628557 0.651982 -0.42407
0.744435 -0.549599 -0.379154
-0.744435 0.549599 -0.379154
-0.644162 0.547682 -0.533947
0.644162 -0.547682 -0.533947
-0.770176 -0.188123 0.609457
0.770176 0.188123 0.609457
0.215437 -0.733776 -0.644329
-0.215437 0.733776 -0.644329
-0.433337 -0.798669 -0.417549
0.433337 0.798669 -0.417549
-0.545824 0.387218 -0.74306
0.545824 -0.387218 -0.74306
0.976162 -0.0877559 -0.198509
-0.976162 0.0877559 -0.198509
-0.220723 0.704387 0.674626
0.220723 -0.704387 0.674626
0.591084 -0.624823 0.510113
-0.591084 0.624823 0.510113
-0.648932 0.737747 0.186057
0.648932 -0.737747 0.186057
-0.675117 0.435885 -0.595165
0.675117 -0.435885 -0.595165
-0.319275 0.189282 0.928567
0.319275 -0.189282 0.928567
-0.404957 0.443138 -0.799774
0.404957 -0.443138 -0.799774
-0.028049 0.107698 -0.993788
0.028049 -0.107698 -0.993788
-0.596308 -0.33854 -0.727878
0.596308 0.33854 -0.727878
-0.510146 0.437591 -0.74045
0.510146 -0.437591 -0.74045
-0.749008 -0.123686 0.650914
0.749008 0.123686 0.650914
-0.55815 0.765289 0.320626
0.55815 -0.765289 0.320626
0.595208 -0.0274481 -0.803102
-0.595208 0.0274481 -0.803102
-0.692843 0.435072 0.575048
0.692843 -0.435072 0.575048
0.48861 -0.436347 -0.755554
-0.48861 0.436347 -0.755554
0.378717 0.60423 0.701056
-0.378717 -0.60423 0.701056
-0.199083 -0.175005 -0.96423
0.199083 0.175005 -0.96423
0.0535681 0.951881 0.301751
-0.0535681 -0.951881 0.301751
-0.690346 -0.173126 -0.70246
0.690346 0.173126 -0.70246
-0.408763 0.340027 -0.846933
0.408763 -0.340027 -0.846933
-0.243106 0.127427 0.961593
0.243106 -0.127427 0.961593
-0.842238 -0.0620511 -0.535524
0.842238 0.0620511 -0.535524
0.0185403 -0.873316 -0.486801
-0.0185403 0.873316 -0.486801
-0.351109 0.00923543 0.936289
0.351109 -0.00923543 0.936289
0.283826 -0.363262 -0.887403
-0.283826 0.363262 -0.887403
0.330162 -0.638185 0.695495
-0.330162 0.638185 0.695495
-0.440852 -0.635469 0.6339
0.438479 0.606676 0.663084
0.753113 0.0929359 -0.651294
-0.753113 -0.0929359 -0.651294
-0.0887754 0.278648 0.956281
0.0887754 -0.278648 0.956281
0.379302 0.879237 0.288222
-0.379302 -0.879237 0.288222
-0.128281 0.579917 0.804513
0.128281 -0.579917 0.804513
0.0569396 -0.0770575 -0.995399
-0.0569396 0.0770575 -0.995399
0.901967 -0.194451 -0.385543
-0.901967 0.194451 -0.385543
0.60946 -0.750904 -0.254364
-0.60946 0.750904 -0.254364
-0.532829 -0.606881 0.589736
0.532829 0.606881 0.589736
-0.456613 -0.0759046 -0.886421
0.456613 0.0759046 -0.886421
-0.41516 0.754006 0.509035
0.41516 -0.754006 0.509035
-0.607605 -0.64313 -0.466048
0.607605 0.64313 -0.466048
0.570754 -0.160179 -0.805346
-0.570754 0.160179 -0.805346
0.807632 -0.0534036 0.587263
-0.807632 0.0534036 0.587263
-0.415233 -0.811563 -0.411031
0.415233 0.811563 -0.411031
0.412543 -0.177064 0.893564
-0.412543 0.177064 0.893564
-0.519839 -0.148436 0.84127
0.519839 0.148436 0.84127
0.394279 -0.123999 0.910587
-0.394279 0.123999 0.910587
-0.726579 -0.223158 0.649833
0.726579 0.223158 0.649833
-0.858476 -0.134424 0.494924
0.858476 0.134424 0.494924
0.45651 0.312337 0.833093
-0.45651 -0.312337 0.833093
0.770654 0.0975832 -0.629738
-0.770654 -0.0975832 -0.629738
0.434243 0.470054 -0.768428
-0.434243 -0.470054 -0.768428
-0.141002 -0.356179 -0.923718
0.141002 0.356179 -0.923718
0.756028 0.0495659 -0.65266
-0.756028 -0.0495659 -0.65266
-0.189911 0.327325 0.925631
0.189911 -0.327325 0.925631
0.192221 0.0347419 0.980736
-0.192221 -0.0347419 0.980736
-0.435271 -0.628118 0.644986
0.435271 0.628118 0.644986
0.0286289 -0.888531 0.457923
-0.0286289 0.888531 0.457923
0.888693 0.186593 0.418818
-0.888693 -0.186593 0.418818
0.311668 -0.8316 -0.459678
-0.311668 0.8316 -0.459678
0.241539 -0.225672 0.943785
-0.241539 0.225672 0.943785
0.103107 0.436267 -0.893891
-0.103107 -0.436267 -0.893891
-0.824867 -0.094292 -0.557409
0.824867 0.094292 -0.557409
-0.285911 0.267511 0.920159
0.285911 -0.267511 0.920159
-0.735049 -0.0895724 0.672071
0.735049 0.0895724 0.672071
-0.302936 -0.732353 -0.609827
0.302936 0.732353 -0.609827
-0.601627 0.410038 -0.685503
0.601627 -0.410038 -0.685503
-0.709479 -0.660354 0.246112
0.709479 0.660354 0.246112
0.504433 0.271144 -0.819773
-0.504433 -0.271144 -0.819773
-0.606602 0.0680506 0.792088
0.606602 -0.0680506 0.792088
-0.760032 0.417735 0.497844
0.760032 -0.417735 0.497844
-0.448107 -0.610335 0.653216
0.509078 0.647068 0.567576
-0.407902 0.385834 -0.827495
0.407902 -0.385834 -0.827495
0.434003 -0.230784 -0.87085
-0.434003 0.230784 -0.87085
-0.447481 0.479521 -0.754864
0.447481 -0.479521 -0.754864
0.73775 -0.527078 -0.421798
-0.73775 0.527078 -0.421798
0.0121152 -0.498788 -0.866639
-0.0121152 0.498788 -0.866639
-0.362435 -0.620644 -0.6953
0.362435 0.620644 -0.6953
0.365558 -0.372872 -0.852838
-0.365558 0.372872 -0.852838
-0.143667 0.333084 0.931888
0.143667 -0.333084 0.931888
-0.453286 0.28704 -0.843884
0.453286 -0.28704 -0.843884
-0.548775 -0.612291 -0.569162
0.548775 0.612291 -0.569162
0.197397 -0.758005 0.621662
-0.197397 0.758005 0.621662
0.380881 0.231968 -0.895053
-0.380881 -0.231968 -0.895053
-0.815082 -0.54231 -0.203817
0.815082 0.54231 -0.203817
0.881615 0.261675 -0.392786
-0.881615 -0.261675 -0.392786
-0.631842 -0.722849 0.279759
0.631842 0.722849 0.279759
0.0334171 0.483489 -0.874712
-0.0334171 -0.483489 -0.874712
0.792551 -0.396337 -0.463444
-0.792551 0.396337 -0.463444
0.685648 -0.671529 -0.280956
-0.685648 0.671529 -0.280956
-0.647783 0.298663 0.700841
0.647783 -0.298663 0.700841
0.124757 0.427856 0.895196
-0.124757 -0.427856 0.895196
-0.00332946 0.527958 -0.849264
0.00332946 -0.527958 -0.849264
-0.618381 -0.565984 -0.545221
0.618381 0.565984 -0.545221
-0.965817 -0.135959 0.22071
0.965817 0.135959 0.22071
0.470866 -0.0968987 0.876867
-0.470866 0.0968987 0.876867
-0.252028 -0.176529 0.951483
0.252028 0.176529 0.951483
0.430665 -0.707098 0.560839
-0.430665 0.707098 0.560839
0.0623481 -0.573636 -0.816734
-0.0623481 0.573636 -0.816734
-0.548468 -0.0922308 0.831069
0.548468 0.0922308 0.831069
-0.57628 -0.319512 -0.752206
0.57628 0.319512 -0.752206
0.415028 -0.77439 0.477569
-0.415028 0.77439 0.477569
-0.496205 -0.315911 0.808691
0.496205 0.315911 0.808691
0.190156 0.882131 -0.430913
-0.190156 -0.882131 -0.430913
0.0530335 -0.281332 0.958144
-0.0530335 0.281332 0.958144
0.0708219 -0.858524 -0.507859
-0.0708219 0.858524 -0.507859
-0.408424 0.713689 -0.569068
0.408424 -0.713689 -0.569068
-0.282979 -0.222635 -0.932929
0.282979 0.222635 -0.932929
-0.331578 -0.89362 0.302488
0.331578 0.89362 0.302488
-0.358901 0.750186 -0.555348
0.358901 -0.750186 -0.555348
0.164486 0.0244107 -0.986077
-0.164486 -0.0244107 -0.986077
0.266122 -0.420427 0.867422
-0.266122 0.420427 0.867422
-0.497952 0.592083 -0.633626
0.497952 -0.592083 -0.633626
-0.497358 0.225969 0.837599
0.497358 -0.225969 0.837599
-0.240266 -0.935855 -0.257773
0.240266 0.935855 -0.257773
