0.463186 0.579885 0.670218
-0.299939 -0.694032 0.65449
0.299939 0.694032 0.65449
0.884783 -0.356529 0.300077
-0.884783 0.356529 0.300077
0.631989 -0.633286 0.446697
-0.631989 0.633286 0.446697
0.896214 0.408235 0.173621
-0.896214 -0.408235 0.173621
0.00634145 0.214578 0.976686
-0.00634145 -0.214578 0.976686
-0.64559 0.0276666 0.763183
0.64559 -0.0276666 0.763183
0.498885 -0.443793 0.74442
-0.498885 0.443793 0.74442
0.0287751 0.917475 0.396752
-0.0287751 -0.917475 0.396752
0.0360555 -0.545274 0.837482
-0.0360555 0.545274 0.837482
0.00593346 -0.605186 0.796062
-0.00593346 0.605186 0.796062
0.79219 0.502317 0.346573
-0.79219 -0.502317 0.346573
-0.675666 -0.631125 0.380994
0.675666 0.631125 0.380994
0.254902 0.90981 0.327522
-0.254902 -0.90981 0.327522
0.527047 -0.0454023 0.848623
-0.527047 0.0454023 0.848623
0.354922 -0.530999 0.769461
-0.354922 0.530999 0.769461
-0.0969611 0.720142 0.687018
0.0969611 -0.720142 0.687018
0.58639 0.48821 0.646372
-0.58639 -0.48821 0.646372
0.901008 0.208729 0.380285
-0.901008 -0.208729 0.380285
-0.0371776 0.481191 0.875827
0.0371776 -0.481191 0.875827
0.326651 0.0281787 0.944725
-0.326651 -0.0281787 0.944725
-0.890281 0.28368 0.356266
0.890281 -0.28368 0.356266
-0.825859 0.143318 0.545359
0.825859 -0.143318 0.545359
-0.520018 -0.0162329 0.854001
0.520018 0.0162329 0.854001
-0.322165 -0.524479 0.788119
0.322165 0.524479 0.788119
0.309075 0.679866 0.665022
-0.309075 -0.679866 0.665022
0.159488 0.578005 0.800296
-0.159488 -0.578005 0.800296
0.25137 0.705702 0.662419
-0.25137 -0.705702 0.662419
0.482796 -0.22258 0.846975
-0.482796 0.22258 0.846975
-0.650802 -0.134232 0.747287
0.650802 0.134232 0.747287
-0.210328 0.507471 0.835605
0.210328 -0.507471 0.835605
-0.0431418 0.980111 0.193706
0.0431418 -0.980111 0.193706
0.438124 0.41744 0.79611
-0.438124 -0.41744 0.79611
0.537245 -0.294776 0.790237
-0.537245 0.294776 0.790237
-0.0603231 -0.521834 0.850911
0.0603231 0.521834 0.850911
-0.0323914 -0.557545 0.829515
0.0323914 0.557545 0.829515
-0.349709 0.637807 0.686226
0.349709 -0.637807 0.686226
0.0193641 0.705519 0.708426
-0.0193641 -0.705519 0.708426
-0.943128 0.244986 0.224704
0.943128 -0.244986 0.224704
0.831115 0.0968483 0.547602
-0.831115 -0.0968483 0.547602
-0.957958 -0.275687 0.079458
0.957958 0.275687 0.079458
-0.302285 -0.260224 0.91701
0.302285 0.260224 0.91701
-0.706765 0.136773 0.694101
0.706765 -0.136773 0.694101
-0.0378302 -0.177465 0.9834
0.0378302 0.177465 0.9834
0.0926332 -0.375866 0.922032
-0.0926332 0.375866 0.922032
-0.278996 0.941408 0.189504
0.278996 -0.941408 0.189504
0.650147 -0.216947 0.728178
-0.650147 0.216947 0.728178
-0.281859 -0.832409 0.477127
0.281859 0.832409 0.477127
0.53843 -0.169302 0.825488
-0.53843 0.169302 0.825488
0.897407 -0.276194 0.34406
-0.897407 0.276194 0.34406
-0.522442 -0.0140527 0.852559
0.522442 0.0140527 0.852559
-0.49987 -0.508467 0.701136
0.49987 0.508467 0.701136
0.22073 -0.774659 0.592606
-0.22073 0.774659 0.592606
-0.216787 0.49129 0.843586
0.216787 -0.49129 0.843586
-0.668041 0.35074 0.656279
0.668041 -0.35074 0.656279
0.0408587 -0.316358 0.947759
-0.0408587 0.316358 0.947759
0.0652015 0.758529 0.648369
-0.0652015 -0.758529 0.648369
-0.509023 0.215224 0.833411
0.509023 -0.215224 0.833411
0.962423 -0.135796 0.235163
-0.962423 0.135796 0.235163
0.557195 -0.163957 0.814034
-0.557195 0.163957 0.814034
-0.412028 0.384286 0.82617
0.412028 -0.384286 0.82617
0.22405 0.695437 0.682766
-0.22405 -0.695437 0.682766
-0.653725 -0.348029 0.671951
0.653725 0.348029 0.671951
0.195494 -0.177412 0.964524
-0.195494 0.177412 0.964524
-0.26326 0.654524 0.708726
0.26326 -0.654524 0.708726
-0.154436 0.793287 0.588936
0.154436 -0.793287 0.588936
-0.88345 0.0186748 0.468154
0.88345 -0.0186748 0.468154
-0.217598 0.583661 0.782298
0.217598 -0.583661 0.782298
0.912841 0.260321 0.314569
-0.912841 -0.260321 0.314569
0.50961 -0.543247 0.667219
-0.50961 0.543247 0.667219
-0.291785 0.477425 0.828811
0.291785 -0.477425 0.828811
0.340072 -0.407465 0.847539
-0.340072 0.407465 0.847539
0.256849 -0.56496 0.784123
-0.256849 0.56496 0.784123
0.635792 -0.401005 0.659517
-0.635792 0.401005 0.659517
0.470049 0.827879 0.306057
-0.470049 -0.827879 0.306057
-0.641452 -0.183537 0.744885
0.641452 0.183537 0.744885
-0.742604 0.422372 0.519752
0.742604 -0.422372 0.519752
0.901095 0.213001 0.377702
-0.901095 -0.213001 0.377702
0.628587 0.175996 0.757564
-0.628587 -0.175996 0.757564
-0.00960424 0.781433 0.623915
0.00960424 -0.781433 0.623915
0.379158 0.615848 0.690631
-0.379158 -0.615848 0.690631
0.603319 -0.164278 0.780397
-0.603319 0.164278 0.780397
-0.40875 0.0771796 0.909377
0.40875 -0.0771796 0.909377
-0.0714981 -0.680373 0.72937
0.0714981 0.680373 0.72937
-0.366176 0.0475848 0.929328
0.366176 -0.0475848 0.929328
0.0287895 -0.942616 0.332635
-0.0287895 0.942616 0.332635
-0.819454 0.36992 0.437783
0.819454 -0.36992 0.437783
0.482436 0.387799 0.785409
-0.482436 -0.387799 0.785409
0.772344 -0.0137402 0.635056
-0.772344 0.0137402 0.635056
-0.90904 -0.291413 0.297867
0.90904 0.291413 0.297867
-0.338451 -0.83236 0.438895
0.338451 0.83236 0.438895
-0.0980066 -0.779977 0.618086
0.0980066 0.779977 0.618086
-0.000185145 -0.356003 0.934485
0.000185145 0.356003 0.934485
0.797699 -0.523359 0.299619
-0.797699 0.523359 0.299619
-0.691098 0.198203 0.695053
0.691098 -0.198203 0.695053
-0.563968 -0.594833 0.572812
0.563968 0.594833 0.572812
-0.807738 0.114806 0.578255
0.807738 -0.114806 0.578255
0.289891 -0.45534 0.841801
-0.289891 0.45534 0.841801
0.499806 -0.732839 0.461671
-0.499806 0.732839 0.461671
-0.726217 0.162238 0.668047
0.726217 -0.162238 0.668047
0.102778 0.64691 0.755608
-0.102778 -0.64691 0.755608
-0.042839 -0.639504 0.767593
0.042839 0.639504 0.767593
-0.386025 0.227842 0.893909
0.386025 -0.227842 0.893909
-0.355789 0.850481 0.387422
0.355789 -0.850481 0.387422
-0.376883 -0.0641406 0.924038
0.376883 0.0641406 0.924038
-0.281129 0.941483 0.185946
0.281129 -0.941483 0.185946
0.186046 -0.611455 0.769096
-0.186046 0.611455 0.769096
0.608594 -0.320213 0.726001
-0.608594 0.320213 0.726001
0.447976 -0.427836 0.785031
-0.447976 0.427836 0.785031
-0.24366 0.105015 0.964159
0.24366 -0.105015 0.964159
0.539244 -0.151357 0.828436
-0.539244 0.151357 0.828436
-0.108982 -0.446896 0.887923
0.108982 0.446896 0.887923
-0.483024 -0.0889401 0.871078
0.483024 0.0889401 0.871078
0.925084 0.0337409 0.37826
-0.925084 -0.0337409 0.37826
0.0297377 0.944599 0.326878
-0.0297377 -0.944599 0.326878
-0.407299 -0.573509 0.710771
0.411353 0.570883 0.71055
0.556068 0.0227153 0.830826
-0.556068 -0.0227153 0.830826
-0.924728 0.361687 0.118576
0.924728 -0.361687 0.118576
0.229152 0.694127 0.682405
-0.229152 -0.694127 0.682405
-0.21765 0.514133 0.829636
0.21765 -0.514133 0.829636
0.08696 -0.916208 0.391153
-0.08696 0.916208 0.391153
0.388109 -0.0152338 0.921488
-0.388109 0.0152338 0.921488
-0.270937 -0.414443 0.86881
0.270937 0.414443 0.86881
0.0443941 0.214422 0.975732
-0.0443941 -0.214422 0.975732
0.597358 -0.282275 0.750656
-0.597358 0.282275 0.750656
-0.0389784 -0.825719 0.562734
0.0389784 0.825719 0.562734
-0.389043 -0.466556 0.794337
0.389043 0.466556 0.794337
0.81523 0.338506 0.469907
-0.81523 -0.338506 0.469907
-0.169805 0.548516 0.818716
0.169805 -0.548516 0.818716
-0.130443 0.718318 0.683377
0.130443 -0.718318 0.683377
0.215056 0.647708 0.730907
-0.215056 -0.647708 0.730907
-0.677418 0.446481 0.584602
0.677418 -0.446481 0.584602
-0.964174 0.126264 0.233295
0.964174 -0.126264 0.233295
-0.758886 -0.223803 0.611559
0.758886 0.223803 0.611559
-0.125565 0.0996115 0.987072
0.125565 -0.0996115 0.987072
0.435692 0.632902 0.640006
-0.435692 -0.632902 0.640006
0.140374 -0.236912 0.961337
-0.140374 0.236912 0.961337
0.788561 0.440993 0.428599
-0.788561 -0.440993 0.428599
0.177363 0.394257 0.901723
-0.177363 -0.394257 0.901723
0.072747 0.677098 0.732289
-0.072747 -0.677098 0.732289
-0.0514158 -0.642374 0.764664
0.0514158 0.642374 0.764664
0.640965 0.270941 0.71816
-0.640965 -0.270941 0.71816
0.105424 -0.522036 0.846383
-0.105424 0.522036 0.846383
-0.758716 0.457839 0.463392
0.758716 -0.457839 0.463392
0.913736 -0.00923125 0.406204
-0.913736 0.00923125 0.406204
0.777691 -0.0884226 0.622397
-0.777691 0.0884226 0.622397
0.652728 -0.394673 0.646668
-0.652728 0.394673 0.646668
-0.74121 0.0525504 0.669213
0.74121 -0.0525504 0.669213
0.635466 -0.0578863 0.769956
-0.635466 0.0578863 0.769956
0.288838 0.428828 0.855967
-0.288838 -0.428828 0.855967
0.727621 0.0561184 0.68368
-0.727621 -0.0561184 0.68368
0.634085 -0.147703 0.759026
-0.634085 0.147703 0.759026
-0.30228 -0.615288 0.728044
0.30228 0.615288 0.728044
0.820477 0.274732 0.501338
-0.820477 -0.274732 0.501338
-0.0762419 0.914904 0.396405
0.0762419 -0.914904 0.396405
0.739933 0.427829 0.519096
-0.739933 -0.427829 0.519096
0.0253916 0.54926 0.835266
-0.0253916 -0.54926 0.835266
0.413996 -0.260025 0.87235
-0.413996 0.260025 0.87235
-0.52097 -0.356612 0.775512
0.52097 0.356612 0.775512
0.541035 -0.680912 0.493598
-0.541035 0.680912 0.493598
-0.758137 0.106829 0.643285
0.758137 -0.106829 0.643285
0.206097 0.500105 0.841082
-0.206097 -0.500105 0.841082
-0.0326918 -0.141367 0.989417
0.0326918 0.141367 0.989417
0.160102 0.419914 0.893331
-0.160102 -0.419914 0.893331
0.0835013 -0.89156 0.445139
-0.0835013 0.89156 0.445139
0.586007 -0.397443 0.706141
-0.586007 0.397443 0.706141
-0.148298 0.745186 0.650158
0.148298 -0.745186 0.650158
-0.0423363 0.0990737 0.994179
0.0423363 -0.0990737 0.994179
0.0226235 -0.616726 0.786853
-0.0226235 0.616726 0.786853
-0.949354 0.10906 0.294674
0.949354 -0.10906 0.294674
0.809889 0.522576 0.26645
-0.809889 -0.522576 0.26645
-0.0347352 0.57512 0.817332
0.0347352 -0.57512 0.817332
-0.905029 0.0785125 0.418041
0.905029 -0.0785125 0.418041
0.785798 -0.511163 0.348186
-0.785798 0.511163 0.348186
0.847966 0.483471 0.217278
-0.847966 -0.483471 0.217278
0.0504932 0.953436 0.297337
-0.0504932 -0.953436 0.297337
-0.917242 0.211729 0.337399
0.917242 -0.211729 0.337399
0.844079 -0.130866 0.520004
-0.844079 0.130866 0.520004
-0.53116 -0.441708 0.723023
0.53116 0.441708 0.723023
0.020814 -0.153356 0.987952
-0.020814 0.153356 0.987952
-0.942146 0.0427346 0.332468
0.942146 -0.0427346 0.332468
0.215215 0.10703 0.970684
-0.215215 -0.10703 0.970684
0.281033 -0.851098 0.443455
-0.281033 0.851098 0.443455
-0.354782 -0.109481 0.928517
0.354782 0.109481 0.928517
-0.45787 0.38305 0.802264
0.45787 -0.38305 0.802264
0.480192 -0.550107 0.683226
-0.480192 0.550107 0.683226
0.0513318 0.249764 0.966945
-0.0513318 -0.249764 0.966945
0.725481 0.0563703 0.68593
-0.725481 -0.0563703 0.68593
-0.0638394 0.569503 0.819507
0.0638394 -0.569503 0.819507
-0.596761 -0.255236 0.760744
0.596761 0.255236 0.760744
0.0208516 -0.877935 0.478325
-0.0208516 0.877935 0.478325
-0.312615 0.862691 0.397536
0.312615 -0.862691 0.397536
-0.045348 -0.59306 0.803881
0.045348 0.59306 0.803881
0.354879 0.775641 0.52196
-0.354879 -0.775641 0.52196
-0.0464787 0.125627 0.990988
0.0464787 -0.125627 0.990988
-0.120933 -0.288015 0.949959
0.120933 0.288015 0.949959
-0.2514 0.479849 0.840561
0.2514 -0.479849 0.840561
0.347286 0.74551 0.568865
-0.347286 -0.74551 0.568865
0.11636 -0.169163 0.978695
-0.11636 0.169163 0.978695
0.654547 0.0872714 0.750967
-0.654547 -0.0872714 0.750967
0.391629 0.0965753 0.915041
-0.391629 -0.0965753 0.915041
-0.836903 -0.263346 0.479835
0.836903 0.263346 0.479835
-0.606741 0.237708 0.758525
0.606741 -0.237708 0.758525
-0.344012 -0.129139 0.930042
0.344012 0.129139 0.930042
0.303824 -0.940002 0.155198
-0.303824 0.940002 0.155198
0.333555 0.358701 0.871823
-0.333555 -0.358701 0.871823
0.863681 -0.335444 0.376209
-0.863681 0.335444 0.376209
0.296971 0.784515 0.544376
-0.296971 -0.784515 0.544376
0.379388 -0.18727 0.906088
-0.379388 0.18727 0.906088
-0.556043 -0.538219 0.633353
0.556043 0.538219 0.633353
-0.259627 0.245691 0.933932
0.259627 -0.245691 0.933932
0.299186 0.162873 0.940192
-0.299186 -0.162873 0.940192
0.656904 -0.674298 0.337341
-0.656904 0.674298 0.337341
0.102139 0.795354 0.597477
-0.102139 -0.795354 0.597477
-0.931689 -0.00423236 0.363232
0.931689 0.00423236 0.363232
0.782361 0.416463 0.463108
-0.782361 -0.416463 0.463108
0.204943 -0.207434 0.95654
-0.204943 0.207434 0.95654
-0.162717 -0.839697 0.518105
0.162717 0.839697 0.518105
-0.153132 -0.187765 0.970204
0.153132 0.187765 0.970204
-0.614907 0.279301 0.737482
0.614907 -0.279301 0.737482
-0.486636 0.791177 0.370438
0.486636 -0.791177 0.370438
0.315786 0.176092 0.932347
-0.315786 -0.176092 0.932347
0.328107 0.888095 0.321921
-0.328107 -0.888095 0.321921
0.489278 -0.332011 0.806459
-0.489278 0.332011 0.806459
-0.737322 0.570018 0.362542
0.737322 -0.570018 0.362542
-0.287713 -0.877464 0.383768
0.287713 0.877464 0.383768
-0.258178 -0.270634 0.927417
0.258178 0.270634 0.927417
0.418025 0.782466 0.461521
-0.418025 -0.782466 0.461521
-0.230968 0.550777 0.802059
0.230968 -0.550777 0.802059
-0.285064 -0.879386 0.381339
0.285064 0.879386 0.381339
0.437916 0.421763 0.793943
-0.437916 -0.421763 0.793943
0.487872 -0.612812 0.621644
-0.487872 0.612812 0.621644
-0.162907 0.34006 0.926186
0.162907 -0.34006 0.926186
-0.193421 -0.25593 0.947147
0.193421 0.25593 0.947147
-0.603142 0.526561 0.599127
0.603142 -0.526561 0.599127
-0.143527 0.0664675 0.987412
0.143527 -0.0664675 0.987412
-0.107844 0.453877 0.884514
0.107844 -0.453877 0.884514
-0.0292328 0.389312 0.920642
0.0292328 -0.389312 0.920642
-0.504357 0.329455 0.798175
0.504357 -0.329455 0.798175
0.389806 -0.389684 0.834384
-0.389806 0.389684 0.834384
0.247566 -0.550659 0.797173
-0.247566 0.550659 0.797173
0.564 0.769522 0.299568
-0.564 -0.769522 0.299568
-0.169141 0.814134 0.555497
0.169141 -0.814134 0.555497
-0.375327 -0.892949 0.248538
0.375327 0.892949 0.248538
-0.424831 -0.13159 0.895658
0.424831 0.13159 0.895658
0.453564 0.736409 0.501978
-0.453564 -0.736409 0.501978
-0.754578 -0.450159 0.477462
0.754578 0.450159 0.477462
0.273959 -0.504193 0.818985
-0.273959 0.504193 0.818985
0.190207 0.736085 0.649615
-0.190207 -0.736085 0.649615
0.238892 -0.499836 0.832523
-0.238892 0.499836 0.832523
0.122784 -0.117329 0.985473
-0.122784 0.117329 0.985473
-0.198846 -0.83093 0.519631
0.198846 0.83093 0.519631
0.157615 0.20959 0.965002
-0.157615 -0.20959 0.965002
0.472619 0.314959 0.823063
-0.472619 -0.314959 0.823063
-0.45932 -0.584042 0.669268
0.465542 0.565277 0.680979
0.0972721 -0.770414 0.63008
-0.0972721 0.770414 0.63008
-0.0226325 -0.964547 0.262939
0.0226325 0.964547 0.262939
0.365229 0.180055 0.913339
-0.365229 -0.180055 0.913339
-0.0427242 0.319523 0.946615
0.0427242 -0.319523 0.946615
0.469179 0.268942 0.841154
-0.469179 -0.268942 0.841154
0.252497 0.252465 0.934081
-0.252497 -0.252465 0.934081
0.375817 -0.711437 0.593817
-0.375817 0.711437 0.593817
-0.840845 -0.267147 0.470757
0.840845 0.267147 0.470757
0.389916 0.0965149 0.915778
-0.389916 -0.0965149 0.915778
-0.505435 0.644491 0.57373
0.505435 -0.644491 0.57373
0.677319 0.502174 0.537644
-0.677319 -0.502174 0.537644
0.53799 -0.172952 0.825018
-0.53799 0.172952 0.825018
0.668679 -0.637723 0.382331
-0.668679 0.637723 0.382331
-0.261836 0.240356 0.934704
0.261836 -0.240356 0.934704
-0.467472 0.0169103 0.883846
0.467472 -0.0169103 0.883846
0.573662 0.718509 0.393264
-0.573662 -0.718509 0.393264
0.432772 -0.239693 0.869054
-0.432772 0.239693 0.869054
0.0123076 -0.0911906 0.995757
-0.0123076 0.0911906 0.995757
0.344046 0.845934 0.407467
-0.344046 -0.845934 0.407467
0.498679 -0.69202 0.521946
-0.498679 0.69202 0.521946
-0.00548871 -0.554749 0.832
0.00548871 0.554749 0.832
-0.330161 0.504358 0.797883
0.330161 -0.504358 0.797883
-0.333015 0.784543 0.523062
0.333015 -0.784543 0.523062
0.189537 0.286815 0.939049
-0.189537 -0.286815 0.939049
0.442313 0.178826 0.878852
-0.442313 -0.178826 0.878852
-0.682394 -0.139259 0.717597
0.682394 0.139259 0.717597
0.347998 -0.583843 0.733502
-0.347998 0.583843 0.733502
-0.104674 -0.969469 0.221751
0.104674 0.969469 0.221751
-0.125649 -0.710136 0.692762
0.125649 0.710136 0.692762
-0.554706 -0.508587 0.658514
0.554706 0.508587 0.658514
-0.675534 -0.176849 0.715806
0.675534 0.176849 0.715806
0.268859 -0.300966 0.91495
-0.268859 0.300966 0.91495
-0.042371 0.979479 0.197043
0.042371 -0.979479 0.197043
0.0722481 -0.347642 0.93484
-0.0722481 0.347642 0.93484
0.563642 0.0975161 0.820243
-0.563642 -0.0975161 0.820243
0.205794 0.236601 0.949562
-0.205794 -0.236601 0.949562
-0.21029 -0.696158 0.686397
0.21029 0.696158 0.686397
-0.868794 -0.259706 0.421605
0.868794 0.259706 0.421605
-0.0296067 -0.722382 0.69086
0.0296067 0.722382 0.69086
0.114511 0.0319697 0.992907
-0.114511 -0.0319697 0.992907
-0.383123 -0.128809 0.914672
0.383123 0.128809 0.914672
-0.330316 -0.205471 0.921235
0.330316 0.205471 0.921235
-0.40258 0.296321 0.866096
0.40258 -0.296321 0.866096
0.175437 -0.690194 0.702036
-0.175437 0.690194 0.702036
0.582733 0.495714 0.643964
-0.582733 -0.495714 0.643964
-0.189919 -0.134199 0.972585
0.189919 0.134199 0.972585
-0.470417 -0.164771 0.866925
0.470417 0.164771 0.866925
0.366583 -0.890609 0.269135
-0.366583 0.890609 0.269135
0.591773 0.0558047 0.804171
-0.591773 -0.0558047 0.804171
-0.0821547 -0.101421 0.991446
0.0821547 0.101421 0.991446
0.370342 -0.378322 0.848363
-0.370342 0.378322 0.848363
-0.165868 -0.425224 0.88976
0.165868 0.425224 0.88976
0.864816 -0.338481 0.370842
-0.864816 0.338481 0.370842
0.618625 0.641609 0.453476
-0.618625 -0.641609 0.453476
-0.0281739 0.960102 0.278228
0.0281739 -0.960102 0.278228
-0.573766 -0.446977 0.686298
0.573766 0.446977 0.686298
-0.805758 0.339252 0.48545
0.805758 -0.339252 0.48545
-0.35797 0.80405 0.474722
0.35797 -0.80405 0.474722
0.257249 -0.694909 0.671509
-0.257249 0.694909 0.671509
-0.422371 -0.0583208 0.904545
0.422371 0.0583208 0.904545
-0.594488 0.281233 0.753321
0.594488 -0.281233 0.753321
0.0153268 0.703694 0.710338
-0.0153268 -0.703694 0.710338
0.806911 0.26499 0.527896
-0.806911 -0.26499 0.527896
-0.506353 -0.406832 0.760325
0.506353 0.406832 0.760325
-0.670173 -0.0533013 0.740288
0.670173 0.0533013 0.740288
-0.277699 0.778728 0.562554
0.277699 -0.778728 0.562554
0.536788 -0.172411 0.825914
-0.536788 0.172411 0.825914
-0.265378 0.514784 0.815213
0.265378 -0.514784 0.815213
0.836645 0.359026 0.413674
-0.836645 -0.359026 0.413674
-0.627744 -0.415267 0.6584
0.627744 0.415267 0.6584
-0.486938 0.373112 0.789733
0.486938 -0.373112 0.789733
-0.0388107 -0.294643 0.954819
0.0388107 0.294643 0.954819
-0.256127 -0.81833 0.514524
0.256127 0.81833 0.514524
-0.0753426 -0.481899 0.872981
0.0753426 0.481899 0.872981
-0.890604 0.450932 0.0590246
0.890604 -0.450932 0.0590246
-0.546097 -0.0553653 0.83589
0.546097 0.0553653 0.83589
-0.159111 -0.798118 0.581113
0.159111 0.798118 0.581113
0.2688 0.861277 0.431218
-0.2688 -0.861277 0.431218
0.406833 -0.0557023 0.911803
-0.406833 0.0557023 0.911803
-0.833963 0.0136484 0.551651
0.833963 -0.0136484 0.551651
0.252534 0.910457 0.327559
-0.252534 -0.910457 0.327559
-0.0895521 -0.0518013 0.994634
0.0895521 0.0518013 0.994634
0.164382 -0.753403 0.636681
-0.164382 0.753403 0.636681
0.359006 0.58277 0.729037
-0.359006 -0.58277 0.729037
0.588404 0.606624 0.534592
-0.588404 -0.606624 0.534592
0.312597 0.145688 0.938647
-0.312597 -0.145688 0.938647
-0.15301 -0.47884 0.864465
0.15301 0.47884 0.864465
-0.0329177 0.611684 0.790417
0.0329177 -0.611684 0.790417
-0.406419 -0.511298 0.75723
0.406419 0.511298 0.75723
-0.419489 -0.894155 0.156578
0.419489 0.894155 0.156578
-0.632902 -0.463257 0.620345
0.632902 0.463257 0.620345
-0.420903 -0.168017 0.89141
0.420903 0.168017 0.89141
-0.894309 -0.254881 0.36776
0.894309 0.254881 0.36776
-0.344205 -0.605976 0.717158
0.344205 0.605976 0.717158
0.27345 -0.232521 0.933359
-0.27345 0.232521 0.933359
0.712899 0.19088 0.674788
-0.712899 -0.19088 0.674788
0.540643 0.203998 0.816143
-0.540643 -0.203998 0.816143
-0.40039 0.752148 0.523413
0.40039 -0.752148 0.523413
0.379158 0.615848 0.690631
-0.379158 -0.615848 0.690631
-0.511829 -0.686307 0.516733
0.511829 0.686307 0.516733
0.817044 0.534912 0.215193
-0.817044 -0.534912 0.215193
-0.0930658 0.765533 0.63663
0.0930658 -0.765533 0.63663
-0.117977 -0.164135 0.979358
0.117977 0.164135 0.979358
0.246975 -0.416581 0.874908
-0.246975 0.416581 0.874908
-0.342339 0.158674 0.926081
0.342339 -0.158674 0.926081
0.964314 -0.128694 0.231379
-0.964314 0.128694 0.231379
-0.131623 0.390932 0.910959
0.131623 -0.390932 0.910959
0.797947 0.354387 0.487535
-0.797947 -0.354387 0.487535
-0.608375 0.714227 0.346064
0.608375 -0.714227 0.346064
0.499111 -0.361079 0.787725
-0.499111 0.361079 0.787725
-0.541825 -0.0456959 0.839248
0.541825 0.0456959 0.839248
0.734127 0.232592 0.637933
-0.734127 -0.232592 0.637933
-0.905236 0.138468 0.401715
0.905236 -0.138468 0.401715
-0.213555 0.671314 0.70974
0.213555 -0.671314 0.70974
-0.848591 0.366339 0.381692
0.848591 -0.366339 0.381692
-0.202592 0.896276 0.394519
0.202592 -0.896276 0.394519
-0.905852 0.078921 0.416178
0.905852 -0.078921 0.416178
0.624431 0.0962676 0.775125
-0.624431 -0.0962676 0.775125
-0.27047 0.807314 0.524491
0.27047 -0.807314 0.524491
0.1316 -0.425712 0.895238
-0.1316 0.425712 0.895238
0.0506871 -0.124258 0.990954
-0.0506871 0.124258 0.990954
0.0740551 -0.297502 0.951845
-0.0740551 0.297502 0.951845
-0.512483 -0.261579 0.817886
0.512483 0.261579 0.817886
0.00589583 -0.796556 0.604536
-0.00589583 0.796556 0.604536
0.804398 0.0379824 0.592875
-0.804398 -0.0379824 0.592875
-0.584605 -0.165629 0.794231
0.584605 0.165629 0.794231
0.376632 0.620355 0.687974
-0.376632 -0.620355 0.687974
0.812724 0.520287 0.262263
-0.812724 -0.520287 0.262263
-0.109084 -0.968876 0.222218
0.109084 0.968876 0.222218
-0.427814 0.337111 0.838649
0.427814 -0.337111 0.838649
0.71392 -0.0159494 0.700045
-0.71392 0.0159494 0.700045
-0.233363 0.499618 0.83422
0.233363 -0.499618 0.83422
0.397566 0.432319 0.809346
-0.397566 -0.432319 0.809346
0.432446 -0.520113 0.736528
-0.432446 0.520113 0.736528
0.481638 0.430189 0.76352
-0.481638 -0.430189 0.76352
0.162641 -0.981116 0.104683
-0.162641 0.981116 0.104683
-0.528594 -0.559979 0.637975
0.52567 0.559545 0.640766
-0.269744 0.247316 0.93063
0.269744 -0.247316 0.93063
-0.371245 -0.236598 0.897885
0.371245 0.236598 0.897885
0.598798 0.639335 0.48238
-0.598798 -0.639335 0.48238
-0.110085 -0.0293955 0.993487
0.110085 0.0293955 0.993487
0.547089 -0.0401276 0.836112
-0.547089 0.0401276 0.836112
0.372481 -0.684693 0.626462
-0.372481 0.684693 0.626462
-0.350794 -0.0150478 0.936332
0.350794 0.0150478 0.936332
0.338543 0.147774 0.929275
-0.338543 -0.147774 0.929275
-0.452348 0.693936 0.560209
0.452348 -0.693936 0.560209
0.801707 -0.524539 0.286574
-0.801707 0.524539 0.286574
-0.414749 -0.661651 0.624661
0.447207 0.638975 0.625872
-0.935986 0.0384125 0.349935
0.935986 -0.0384125 0.349935
0.566436 -0.0986769 0.818177
-0.566436 0.0986769 0.818177
0.294973 0.792239 0.534181
-0.294973 -0.792239 0.534181
0.0448898 0.207659 0.977171
-0.0448898 -0.207659 0.977171
0.578872 0.317905 0.750895
-0.578872 -0.317905 0.750895
0.184144 0.53787 0.82267
-0.184144 -0.53787 0.82267
0.689901 0.0551373 0.721801
-0.689901 -0.0551373 0.721801
0.360834 -0.684912 0.633004
-0.360834 0.684912 0.633004
-0.734069 -0.606042 0.306358
0.734069 0.606042 0.306358
0.679244 -0.343842 0.648382
-0.679244 0.343842 0.648382
-0.343964 -0.126299 0.93045
0.343964 0.126299 0.93045
-0.352135 -0.803056 0.480731
0.352135 0.803056 0.480731
0.00551021 0.27171 0.962363
-0.00551021 -0.27171 0.962363
0.546602 0.328981 0.770064
-0.546602 -0.328981 0.770064
0.842737 0.512483 0.16479
-0.842737 -0.512483 0.16479
-0.138393 0.10771 0.984503
0.138393 -0.10771 0.984503
-0.422089 0.724063 0.545503
0.422089 -0.724063 0.545503
-0.452704 0.69603 0.557317
0.452704 -0.69603 0.557317
0.60549 0.111302 0.788032
-0.60549 -0.111302 0.788032
0.373779 0.609946 0.698752
-0.373779 -0.609946 0.698752
-0.414689 0.835804 0.359812
0.414689 -0.835804 0.359812
-0.146205 -0.396148 0.906472
0.146205 0.396148 0.906472
-0.879342 -0.31813 0.35433
0.879342 0.31813 0.35433
-0.0819973 -0.927302 0.365223
0.0819973 0.927302 0.365223
0.315536 0.178782 0.931919
-0.315536 -0.178782 0.931919
-0.630119 -0.628297 0.456282
0.630119 0.628297 0.456282
0.236661 0.542894 0.805765
-0.236661 -0.542894 0.805765
-0.335839 -0.459718 0.822114
0.335839 0.459718 0.822114
0.50026 -0.452033 0.738516
-0.50026 0.452033 0.738516
0.599784 0.747255 0.286128
-0.599784 -0.747255 0.286128
0.377399 0.619553 0.688276
-0.377399 -0.619553 0.688276
-0.120065 -0.831004 0.543154
0.120065 0.831004 0.543154
0.19535 0.388102 0.900675
-0.19535 -0.388102 0.900675
0.35775 0.53311 0.766687
-0.35775 -0.53311 0.766687
0.0228763 0.235071 0.971709
-0.0228763 -0.235071 0.971709
0.24677 -0.00891693 0.969033
-0.24677 0.00891693 0.969033
-0.0648673 0.571928 0.817735
0.0648673 -0.571928 0.817735
0.413445 0.245853 0.87671
-0.413445 -0.245853 0.87671
0.651464 -0.198055 0.732372
-0.651464 0.198055 0.732372
0.108017 0.933456 0.342043
-0.108017 -0.933456 0.342043
-0.23095 0.679651 0.69623
0.23095 -0.679651 0.69623
-0.496618 -0.0249284 0.867611
0.496618 0.0249284 0.867611
0.180439 -0.73015 0.659031
-0.180439 0.73015 0.659031
0.129597 0.759933 0.636951
-0.129597 -0.759933 0.636951
-0.311623 -0.569024 0.760988
0.311623 0.569024 0.760988
0.560015 -0.783962 0.26793
-0.560015 0.783962 0.26793
0.640467 0.270647 0.718716
-0.640467 -0.270647 0.718716
0.841863 0.0926764 0.531675
-0.841863 -0.0926764 0.531675
0.227635 0.792001 0.566496
-0.227635 -0.792001 0.566496
-0.0655593 -0.134742 0.98871
0.0655593 0.134742 0.98871
0.842238 0.311155 0.440248
-0.842238 -0.311155 0.440248
0.694514 0.68306 0.226006
-0.694514 -0.68306 0.226006
0.276648 0.125163 0.952785
-0.276648 -0.125163 0.952785
0.631633 0.671885 0.386795
-0.631633 -0.671885 0.386795
0.445821 0.0622798 0.892953
-0.445821 -0.0622798 0.892953
0.288088 -0.843463 0.453404
-0.288088 0.843463 0.453404
0.1972 -0.869864 0.45216
-0.1972 0.869864 0.45216
-0.727402 -0.347083 0.591963
0.727402 0.347083 0.591963
0.571988 -0.373006 0.730545
-0.571988 0.373006 0.730545
0.481389 0.0658555 0.87403
-0.481389 -0.0658555 0.87403
-0.292873 -0.953181 0.0753134
0.292873 0.953181 0.0753134
0.637934 -0.241079 0.731383
-0.637934 0.241079 0.731383
0.00987317 0.143923 0.98954
-0.00987317 -0.143923 0.98954
-0.421795 -0.625366 0.656511
0.415736 0.620195 0.665223
-0.320814 0.472672 0.820768
0.320814 -0.472672 0.820768
-0.193727 0.85629 0.478787
0.193727 -0.85629 0.478787
0.233166 -0.111049 0.966075
-0.233166 0.111049 0.966075
-0.708187 0.640942 0.296081
0.708187 -0.640942 0.296081
-0.365195 -0.698411 0.615512
0.365195 0.698411 0.615512
-0.528825 0.198753 0.825131
0.528825 -0.198753 0.825131
-0.563385 -0.303677 0.768361
0.563385 0.303677 0.768361
0.697432 0.663882 0.269906
-0.697432 -0.663882 0.269906
-0.134929 0.134767 0.981648
0.134929 -0.134767 0.981648
-0.90811 -0.0755581 0.411859
0.90811 0.0755581 0.411859
0.599457 0.0741639 0.796963
-0.599457 -0.0741639 0.796963
-0.0866752 -0.496464 0.863719
0.0866752 0.496464 0.863719
0.639506 0.554424 0.532584
-0.639506 -0.554424 0.532584
-0.856758 0.295407 0.422729
0.856758 -0.295407 0.422729
0.273777 -0.908459 0.315831
-0.273777 0.908459 0.315831
-0.466768 0.351168 0.81167
0.466768 -0.351168 0.81167
-0.620051 -0.0289429 0.784028
0.620051 0.0289429 0.784028
-0.404432 -0.0140982 0.914459
0.404432 0.0140982 0.914459
-0.712928 0.250953 0.654794
0.712928 -0.250953 0.654794
0.116327 0.383066 0.916367
-0.116327 -0.383066 0.916367
-0.575445 -0.396232 0.715446
0.575445 0.396232 0.715446
-0.643696 0.241547 0.726161
0.643696 -0.241547 0.726161
0.270652 0.483956 0.832186
-0.270652 -0.483956 0.832186
0.388121 -0.713319 0.583557
-0.388121 0.713319 0.583557
0.851329 0.46772 0.237648
-0.851329 -0.46772 0.237648
0.865047 0.28761 0.411065
-0.865047 -0.28761 0.411065
0.635681 0.707486 0.308826
-0.635681 -0.707486 0.308826
0.104882 0.948435 0.299116
-0.104882 -0.948435 0.299116
-0.443033 -0.462315 0.768106
0.443033 0.462315 0.768106
-0.188821 -0.963226 0.191161
0.188821 0.963226 0.191161
-0.0853436 -0.500642 0.861437
0.0853436 0.500642 0.861437
0.634493 0.668895 0.387295
-0.634493 -0.668895 0.387295
0.207673 0.505583 0.837412
-0.207673 -0.505583 0.837412
-0.199828 -0.201215 0.958948
0.199828 0.201215 0.958948
0.359167 -0.838206 0.410377
-0.359167 0.838206 0.410377
0.606859 0.125185 0.784889
-0.606859 -0.125185 0.784889
-0.130422 -0.876258 0.463856
0.130422 0.876258 0.463856
-0.22794 -0.233186 0.94534
0.22794 0.233186 0.94534
-0.157536 -0.416123 0.895558
0.157536 0.416123 0.895558
-0.202894 0.730197 0.652415
0.202894 -0.730197 0.652415
0.40236 0.838753 0.366879
-0.40236 -0.838753 0.366879
-0.142208 -0.398208 0.906205
0.142208 0.398208 0.906205
-0.358115 -0.564003 0.74408
0.358115 0.564003 0.74408
0.206378 0.602988 0.770593
-0.206378 -0.602988 0.770593
0.994474 -0.100903 0.0289884
-0.994474 0.100903 0.0289884
-0.804563 0.330337 0.493514
0.804563 -0.330337 0.493514
-0.566407 0.270056 0.778622
0.566407 -0.270056 0.778622
0.112115 0.25649 0.960023
-0.112115 -0.25649 0.960023
-0.788907 -0.511545 0.340511
0.788907 0.511545 0.340511
0.482277 -0.366426 0.795702
-0.482277 0.366426 0.795702
0.163497 0.669426 0.724664
-0.163497 -0.669426 0.724664
-0.646708 -0.441814 0.621747
0.646708 0.441814 0.621747
-0.61551 -0.40658 0.67516
0.61551 0.40658 0.67516
-0.341469 -0.909056 0.238782
0.341469 0.909056 0.238782
-0.647549 -0.301111 0.700009
0.647549 0.301111 0.700009
-0.711517 0.637967 0.294518
0.711517 -0.637967 0.294518
-0.0616649 -0.395968 0.916191
0.0616649 0.395968 0.916191
-0.246542 0.133233 0.95993
0.246542 -0.133233 0.95993
0.0276774 -0.739255 0.672856
-0.0276774 0.739255 0.672856
-0.465756 -0.792809 0.393098
0.465756 0.792809 0.393098
-0.659048 -0.376684 0.650972
0.659048 0.376684 0.650972
0.30348 0.17063 0.937436
-0.30348 -0.17063 0.937436
0.962325 0.145446 0.229731
-0.962325 -0.145446 0.229731
0.587155 -0.396449 0.705746
-0.587155 0.396449 0.705746
-0.08118 -0.182915 0.979771
0.08118 0.182915 0.979771
0.143577 -0.938585 0.313759
-0.143577 0.938585 0.313759
0.674317 0.476608 0.56404
-0.674317 -0.476608 0.56404
0.28766 0.430185 0.855682
-0.28766 -0.430185 0.855682
-0.537868 0.247038 0.806021
0.537868 -0.247038 0.806021
-0.433178 0.365198 0.824006
0.433178 -0.365198 0.824006
0.56432 -0.160607 0.809783
-0.56432 0.160607 0.809783
-0.0957486 -0.165243 0.981594
0.0957486 0.165243 0.981594
-0.893859 0.174282 0.413088
0.893859 -0.174282 0.413088
-0.0105301 0.717632 0.696343
0.0105301 -0.717632 0.696343
0.781757 0.216325 0.584859
-0.781757 -0.216325 0.584859
-0.112194 -0.217115 0.969677
0.112194 0.217115 0.969677
-0.533496 -0.778159 0.331437
0.533496 0.778159 0.331437
-0.632931 0.281183 0.721342
0.632931 -0.281183 0.721342
0.212342 -0.676033 0.705613
-0.212342 0.676033 0.705613
-0.778266 -0.285395 0.559331
0.778266 0.285395 0.559331
0.99576 -0.0911396 0.0124918
-0.99576 0.0911396 0.0124918
-0.691647 -0.67922 0.245528
0.691647 0.67922 0.245528
-0.701923 0.474513 0.53117
0.701923 -0.474513 0.53117
-0.93255 -0.351543 0.082262
0.93255 0.351543 0.082262
0.403847 0.441714 0.801122
-0.403847 -0.441714 0.801122
-0.816029 0.216985 0.535738
0.816029 -0.216985 0.535738
-0.599006 -0.395992 0.695975
0.599006 0.395992 0.695975
0.0298391 0.957246 0.287731
-0.0298391 -0.957246 0.287731
0.0552917 -0.275304 0.959766
-0.0552917 0.275304 0.959766
-0.524634 -0.729924 0.438145
0.524634 0.729924 0.438145
-0.921417 0.220851 0.31971
0.921417 -0.220851 0.31971
0.0911926 -0.375195 0.922449
-0.0911926 0.375195 0.922449
-0.668376 -0.72853 0.150061
0.668376 0.72853 0.150061
0.172345 0.782522 0.598294
-0.172345 -0.782522 0.598294
0.168613 0.730934 0.661291
-0.168613 -0.730934 0.661291
0.047364 -0.309426 0.949743
-0.047364 0.309426 0.949743
0.33607 0.279937 0.899273
-0.33607 -0.279937 0.899273
0.272726 -0.378896 0.88434
-0.272726 0.378896 0.88434
-0.372829 0.29405 0.880076
0.372829 -0.29405 0.880076
0.585115 0.653109 0.480717
-0.585115 -0.653109 0.480717
0.20126 -0.318197 0.926415
-0.20126 0.318197 0.926415
-0.457852 0.87131 0.17661
0.457852 -0.87131 0.17661
0.0245661 -0.495786 0.868097
-0.0245661 0.495786 0.868097
0.890915 0.225585 0.394185
-0.890915 -0.225585 0.394185
-0.166576 -0.424805 0.889828
0.166576 0.424805 0.889828
0.621505 0.47723 0.621275
-0.621505 -0.47723 0.621275
0.00190025 0.234893 0.972019
-0.00190025 -0.234893 0.972019
-0.164155 -0.0765918 0.983457
0.164155 0.0765918 0.983457
0.37872 -0.904599 0.195631
-0.37872 0.904599 0.195631
0.590034 -0.73246 0.339651
-0.590034 0.73246 0.339651
-0.264778 -0.664729 0.69859
0.264778 0.664729 0.69859
-0.0252226 0.435692 0.899742
0.0252226 -0.435692 0.899742
-0.658836 0.357217 0.662066
0.658836 -0.357217 0.662066
-0.416917 -0.339123 0.843312
0.416917 0.339123 0.843312
-0.644725 0.0310149 0.763785
0.644725 -0.0310149 0.763785
-0.0560998 -0.351539 0.934491
0.0560998 0.351539 0.934491
0.2858 -0.851831 0.438979
-0.2858 0.851831 0.438979
0.380561 0.12825 0.91582
-0.380561 -0.12825 0.91582
0.175219 -0.412589 0.893907
-0.175219 0.412589 0.893907
0.336296 0.442174 0.831497
-0.336296 -0.442174 0.831497
-0.226446 -0.309387 0.923581
0.226446 0.309387 0.923581
-0.696512 0.0774274 0.713356
0.696512 -0.0774274 0.713356
0.616842 -0.00112357 0.787086
-0.616842 0.00112357 0.787086
-0.503713 0.083134 0.859862
0.503713 -0.083134 0.859862
0.604798 -0.162621 0.779599
-0.604798 0.162621 0.779599
0.304113 -0.438471 0.84573
-0.304113 0.438471 0.84573
0.152637 0.918952 0.363634
-0.152637 -0.918952 0.363634
0.076259 -0.962696 0.259618
-0.076259 0.962696 0.259618
0.43486 0.0577256 0.898646
-0.43486 -0.0577256 0.898646
-0.313501 -0.568036 0.760955
0.313501 0.568036 0.760955
-0.259053 0.540732 0.800313
0.259053 -0.540732 0.800313
-0.397972 0.335448 0.853869
0.397972 -0.335448 0.853869
-0.7432 -0.550548 0.380199
0.7432 0.550548 0.380199
0.578149 -0.329297 0.74653
-0.578149 0.329297 0.74653
-0.439153 -0.157012 0.884586
0.439153 0.157012 0.884586
-0.862965 -0.225821 0.451991
0.862965 0.225821 0.451991
-0.0868014 0.39984 0.912466
0.0868014 -0.39984 0.912466
0.586939 -0.0375859 0.808758
-0.586939 0.0375859 0.808758
-0.700362 0.0782926 0.709481
0.700362 -0.0782926 0.709481
0.214912 0.180711 0.959769
-0.214912 -0.180711 0.959769
-0.128638 0.294994 0.9468
0.128638 -0.294994 0.9468
0.578861 -0.682374 0.446414
-0.578861 0.682374 0.446414
0.0570005 -0.276352 0.959365
-0.0570005 0.276352 0.959365
-0.884966 0.460655 0.0680522
0.884966 -0.460655 0.0680522
-0.567235 -0.451253 0.688923
0.567235 0.451253 0.688923
-0.360189 0.419139 0.833419
0.360189 -0.419139 0.833419
-0.952621 -0.219581 0.210468
0.952621 0.219581 0.210468
-0.545001 -0.056373 0.836538
0.545001 0.056373 0.836538
-0.555873 -0.53791 0.633765
0.555873 0.53791 0.633765
0.066109 -0.229564 0.971046
-0.066109 0.229564 0.971046
-0.204442 -0.921345 0.330647
0.204442 0.921345 0.330647
-0.0256172 0.930218 0.366111
0.0256172 -0.930218 0.366111
0.9019 -0.187342 0.389204
-0.9019 0.187342 0.389204
-0.266357 -0.480817 0.835386
0.266357 0.480817 0.835386
-0.0866257 -0.166446 0.982238
0.0866257 0.166446 0.982238
0.147928 0.293536 0.944433
-0.147928 -0.293536 0.944433
-0.123918 -0.910074 0.395487
0.123918 0.910074 0.395487
-0.206213 0.644976 0.735854
0.206213 -0.644976 0.735854
0.619564 -0.192037 0.761093
-0.619564 0.192037 0.761093
-0.0688694 -0.456797 0.886901
0.0688694 0.456797 0.886901
-0.54592 0.551697 0.630557
0.54592 -0.551697 0.630557
0.0370078 0.956012 0.290983
-0.0370078 -0.956012 0.290983
-0.00922 -0.634076 0.773215
0.00922 0.634076 0.773215
-0.547219 -0.0495133 0.835523
0.547219 0.0495133 0.835523
-0.28795 -0.904655 0.314141
0.28795 0.904655 0.314141
-0.505393 -0.118369 0.854732
0.505393 0.118369 0.854732
-0.773729 0.188788 0.604733
0.773729 -0.188788 0.604733
-0.0365611 -0.18333 0.982371
0.0365611 0.18333 0.982371
-0.193491 0.945999 0.260092
0.193491 -0.945999 0.260092
0.685229 -0.472922 0.5539
-0.685229 0.472922 0.5539
-0.697255 0.0811424 0.712216
0.697255 -0.0811424 0.712216
0.51949 0.482992 0.704875
-0.51949 -0.482992 0.704875
0.423467 -0.417726 0.803853
-0.423467 0.417726 0.803853
-0.395015 -0.81819 0.417767
0.395015 0.81819 0.417767
-0.848381 0.36828 0.38029
0.848381 -0.36828 0.38029
-0.3222 0.273758 0.906225
0.3222 -0.273758 0.906225
-0.50072 -0.0446166 0.864459
0.50072 0.0446166 0.864459
0.705125 -0.272614 0.654584
-0.705125 0.272614 0.654584
0.660594 0.00276844 0.750738
-0.660594 -0.00276844 0.750738
0.16847 0.819512 0.547739
-0.16847 -0.819512 0.547739
-0.488413 -0.227239 0.842505
0.488413 0.227239 0.842505
-0.84024 -0.389049 0.377674
0.84024 0.389049 0.377674
0.128566 -0.741565 0.658447
-0.128566 0.741565 0.658447
0.921972 0.383862 0.051154
-0.921972 -0.383862 0.051154
-0.324768 0.101055 0.94038
0.324768 -0.101055 0.94038
-0.541251 0.570848 0.617397
0.541251 -0.570848 0.617397
0.572012 0.000721946 0.820245
-0.572012 -0.000721946 0.820245
0.101977 0.225213 0.968958
-0.101977 -0.225213 0.968958
0.119162 -0.112691 0.986459
-0.119162 0.112691 0.986459
0.399863 0.427851 0.810588
-0.399863 -0.427851 0.810588
0.884087 -0.259367 0.38874
-0.884087 0.259367 0.38874
-0.53534 -0.0368193 0.843834
0.53534 0.0368193 0.843834
-0.182357 0.787222 0.589091
0.182357 -0.787222 0.589091
-0.457156 0.383674 0.802373
0.457156 -0.383674 0.802373
-0.141822 0.794376 0.590638
0.141822 -0.794376 0.590638
-0.286273 -0.726549 0.624639
0.286273 0.726549 0.624639
-0.310339 0.0508354 0.949266
0.310339 -0.0508354 0.949266
-0.621879 -0.365708 0.692477
0.621879 0.365708 0.692477
-0.0573971 0.00558589 0.998336
0.0573971 -0.00558589 0.998336
-0.409262 0.155566 0.899057
0.409262 -0.155566 0.899057
0.565385 -0.637916 0.52288
-0.565385 0.637916 0.52288
-0.844464 0.489864 0.216595
0.844464 -0.489864 0.216595
-0.15752 0.33567 0.928716
0.15752 -0.33567 0.928716
-0.302813 0.0467457 0.951903
0.302813 -0.0467457 0.951903
0.164276 0.926085 0.339676
-0.164276 -0.926085 0.339676
0.496614 0.111188 0.86082
-0.496614 -0.111188 0.86082
0.81118 0.54966 0.199651
-0.81118 -0.54966 0.199651
0.737651 -0.185864 0.649097
-0.737651 0.185864 0.649097
-0.709824 0.660882 0.243689
0.709824 -0.660882 0.243689
0.0647276 -0.478792 0.875539
-0.0647276 0.478792 0.875539
0.710838 0.116043 0.693717
-0.710838 -0.116043 0.693717
-0.12811 0.341718 0.93103
0.12811 -0.341718 0.93103
0.217122 0.501347 0.837561
-0.217122 -0.501347 0.837561
0.067768 0.91644 0.394392
-0.067768 -0.91644 0.394392
0.104439 -0.720416 0.685634
-0.104439 0.720416 0.685634
0.248682 -0.818167 0.51842
-0.248682 0.818167 0.51842
-0.462682 -0.791791 0.398739
0.462682 0.791791 0.398739
0.382456 0.73038 0.565926
-0.382456 -0.73038 0.565926
0.101234 0.725217 0.681037
-0.101234 -0.725217 0.681037
0.446549 0.514241 0.732223
-0.446549 -0.514241 0.732223
0.504799 -0.497843 0.705217
-0.504799 0.497843 0.705217
-0.345063 -0.129805 0.92956
0.345063 0.129805 0.92956
-0.346015 -0.647293 0.67918
0.346015 0.647293 0.67918
0.322563 0.457874 0.828435
-0.322563 -0.457874 0.828435
-0.27524 -0.331767 0.902316
0.27524 0.331767 0.902316
0.783258 0.288422 0.550745
-0.783258 -0.288422 0.550745
-0.298662 -0.643178 0.705069
0.298662 0.643178 0.705069
0.139126 -0.937856 0.317916
-0.139126 0.937856 0.317916
-0.0490591 0.360811 0.931348
0.0490591 -0.360811 0.931348
0.435259 -0.896822 0.0791178
-0.435259 0.896822 0.0791178
0.448317 -0.421334 0.788346
-0.448317 0.421334 0.788346
-0.215351 -0.277913 0.936156
0.215351 0.277913 0.936156
0.303289 -0.158152 0.939683
-0.303289 0.158152 0.939683
0.172517 0.26419 0.948916
-0.172517 -0.26419 0.948916
0.452791 0.462635 0.7622
-0.452791 -0.462635 0.7622
-0.150372 0.105795 0.982952
0.150372 -0.105795 0.982952
0.11742 -0.0386411 0.99233
-0.11742 0.0386411 0.99233
0.843304 0.0524477 0.534871
-0.843304 -0.0524477 0.534871
-0.534447 -0.0340347 0.844517
0.534447 0.0340347 0.844517
-0.00654307 0.91888 0.394482
0.00654307 -0.91888 0.394482
0.105666 0.283599 0.953104
-0.105666 -0.283599 0.953104
-0.336067 0.758842 0.557868
0.336067 -0.758842 0.557868
0.0372965 0.730166 0.682251
-0.0372965 -0.730166 0.682251
0.22272 -0.458482 0.860343
-0.22272 0.458482 0.860343
0.52386 0.394802 0.754786
-0.52386 -0.394802 0.754786
0.401988 0.855728 0.325784
-0.401988 -0.855728 0.325784
0.297968 0.503445 0.811023
-0.297968 -0.503445 0.811023
0.00341301 0.0533044 0.998572
-0.00341301 -0.0533044 0.998572
-0.499928 -0.297241 0.813462
0.499928 0.297241 0.813462
0.679865 -0.235432 0.694518
-0.679865 0.235432 0.694518
-0.549363 0.777445 0.306235
0.549363 -0.777445 0.306235
0.111753 -0.298184 0.947944
-0.111753 0.298184 0.947944
0.475057 0.214168 0.853495
-0.475057 -0.214168 0.853495
0.541807 -0.128256 0.83066
-0.541807 0.128256 0.83066
0.196619 0.0549634 0.978938
-0.196619 -0.0549634 0.978938
0.370106 0.0389549 0.928172
-0.370106 -0.0389549 0.928172
-0.370709 0.300905 0.878653
0.370709 -0.300905 0.878653
0.0377405 0.728352 0.684163
-0.0377405 -0.728352 0.684163
0.458577 -0.273244 0.845603
-0.458577 0.273244 0.845603
0.379823 -0.682123 0.624854
-0.379823 0.682123 0.624854
-0.894381 0.170838 0.413398
0.894381 -0.170838 0.413398
-0.045819 -0.917967 0.394002
0.045819 0.917967 0.394002
-0.363621 -0.739263 0.566807
0.363621 0.739263 0.566807
-0.547887 -0.803561 0.232615
0.547887 0.803561 0.232615
-0.23368 0.004038 0.972305
0.23368 -0.004038 0.972305
-0.677743 0.172426 0.714797
0.677743 -0.172426 0.714797
-0.480216 0.368779 0.795861
0.480216 -0.368779 0.795861
-0.381689 -0.857047 0.346097
0.381689 0.857047 0.346097
0.374353 -0.7153 0.590089
-0.374353 0.7153 0.590089
0.450245 0.599318 0.661889
-0.450245 -0.599318 0.661889
-0.155423 0.0328884 0.9873
0.155423 -0.0328884 0.9873
0.692545 0.235627 0.681808
-0.692545 -0.235627 0.681808
-0.335756 -0.370699 0.865939
0.335756 0.370699 0.865939
0.132402 -0.388881 0.911724
-0.132402 0.388881 0.911724
-0.12268 0.122349 0.984876
0.12268 -0.122349 0.984876
-0.691441 -0.286889 0.663026
0.691441 0.286889 0.663026
0.583766 -0.361944 0.726783
-0.583766 0.361944 0.726783
-0.268269 0.0909044 0.959045
0.268269 -0.0909044 0.959045
0.902327 -0.185862 0.388924
-0.902327 0.185862 0.388924
0.374345 -0.37839 0.846573
-0.374345 0.37839 0.846573
-0.800183 0.443927 0.403282
0.800183 -0.443927 0.403282
-0.141914 0.103308 0.984473
0.141914 -0.103308 0.984473
0.268195 0.663661 0.698302
-0.268195 -0.663661 0.698302
-0.165367 -0.316632 0.934022
0.165367 0.316632 0.934022
-0.6868 0.489868 0.536969
0.6868 -0.489868 0.536969
0.00863715 0.791057 0.611682
-0.00863715 -0.791057 0.611682
-0.279423 -0.702337 0.654711
0.279423 0.702337 0.654711
0.660894 0.0263311 0.750017
-0.660894 -0.0263311 0.750017
0.567861 0.769718 0.291663
-0.567861 -0.769718 0.291663
0.433089 0.627137 0.647405
-0.433089 -0.627137 0.647405
-0.625748 -0.424012 0.654716
0.625748 0.424012 0.654716
-0.614819 -0.448062 0.649029
0.614819 0.448062 0.649029
-0.311595 -0.897185 0.312998
0.311595 0.897185 0.312998
0.443291 -0.181395 0.877832
-0.443291 0.181395 0.877832
0.0617346 0.10803 0.992229
-0.0617346 -0.10803 0.992229
-0.100617 -0.36117 0.927056
0.100617 0.36117 0.927056
0.642672 0.135583 0.754049
-0.642672 -0.135583 0.754049
-0.182066 0.590724 0.786064
0.182066 -0.590724 0.786064
0.59705 -0.119195 0.793299
-0.59705 0.119195 0.793299
0.355452 -0.867487 0.348024
-0.355452 0.867487 0.348024
0.641257 0.497544 0.584158
-0.641257 -0.497544 0.584158
-0.893411 0.174397 0.414007
0.893411 -0.174397 0.414007
-0.531245 -0.820089 0.212681
0.531245 0.820089 0.212681
0.363501 0.699787 0.614951
-0.363501 -0.699787 0.614951
-0.778119 0.0383519 0.626945
0.778119 -0.0383519 0.626945
0.965179 -0.104604 0.239764
-0.965179 0.104604 0.239764
-0.0294127 -0.650337 0.759077
0.0294127 0.650337 0.759077
0.638954 0.271933 0.719576
-0.638954 -0.271933 0.719576
0.598781 0.754443 0.268842
-0.598781 -0.754443 0.268842
-0.702846 0.470424 0.533581
0.702846 -0.470424 0.533581
-0.447475 0.621655 0.642893
0.447475 -0.621655 0.642893
0.364496 -0.910278 0.196309
-0.364496 0.910278 0.196309
-0.263025 0.818085 0.511424
0.263025 -0.818085 0.511424
0.138813 0.0861799 0.986562
-0.138813 -0.0861799 0.986562
-0.53001 0.574365 0.623854
0.53001 -0.574365 0.623854
-0.0426886 0.0125316 0.99901
0.0426886 -0.0125316 0.99901
0.535155 -0.440447 0.720844
-0.535155 0.440447 0.720844
0.837384 0.0629832 0.542974
-0.837384 -0.0629832 0.542974
-0.515807 0.481295 0.70873
0.515807 -0.481295 0.70873
-0.0736294 -0.486357 0.870652
0.0736294 0.486357 0.870652
-0.606741 0.237708 0.758525
0.606741 -0.237708 0.758525
-0.80079 -0.0377589 0.597754
0.80079 0.0377589 0.597754
0.520714 0.26778 0.810648
-0.520714 -0.26778 0.810648
-0.680159 0.043967 0.731745
0.680159 -0.043967 0.731745
0.648295 -0.219744 0.728989
-0.648295 0.219744 0.728989
-0.251999 0.476757 0.842139
0.251999 -0.476757 0.842139
0.0152016 -0.418535 0.908073
-0.0152016 0.418535 0.908073
-0.794317 -0.266627 0.545867
0.794317 0.266627 0.545867
0.333905 0.257072 0.906875
-0.333905 -0.257072 0.906875
0.682745 0.127719 0.719407
-0.682745 -0.127719 0.719407
0.639842 0.733919 0.22796
-0.639842 -0.733919 0.22796
0.0400135 -0.912843 0.406346
-0.0400135 0.912843 0.406346
0.713978 0.148223 0.684299
-0.713978 -0.148223 0.684299
-0.719631 0.622235 0.308148
0.719631 -0.622235 0.308148
0.0295682 0.44557 0.894759
-0.0295682 -0.44557 0.894759
0.245575 0.398415 0.883719
-0.245575 -0.398415 0.883719
0.388556 0.141563 0.910486
-0.388556 -0.141563 0.910486
-0.0721636 0.326819 0.942328
0.0721636 -0.326819 0.942328
-0.0643256 -0.323823 0.943928
0.0643256 0.323823 0.943928
0.0462826 0.496412 0.866853
-0.0462826 -0.496412 0.866853
-0.194758 0.339243 0.920317
0.194758 -0.339243 0.920317
-0.395187 -0.404997 0.824503
0.395187 0.404997 0.824503
-0.359814 0.320985 0.876072
0.359814 -0.320985 0.876072
0.843449 0.0784723 0.531447
-0.843449 -0.0784723 0.531447
-0.0528383 0.568446 0.821022
0.0528383 -0.568446 0.821022
-0.272934 -0.542669 0.794366
0.272934 0.542669 0.794366
-0.609163 0.703234 0.366583
0.609163 -0.703234 0.366583
-0.7432 0.566285 0.356336
0.7432 -0.566285 0.356336
0.61149 -0.585143 0.532624
-0.61149 0.585143 0.532624
-0.749979 -0.0792213 0.656701
0.749979 0.0792213 0.656701
-0.205507 0.731522 0.650109
0.205507 -0.731522 0.650109
0.452746 0.729628 0.512507
-0.452746 -0.729628 0.512507
0.506807 -0.343716 0.790573
-0.506807 0.343716 0.790573
-0.957231 0.0578109 0.28349
0.957231 -0.0578109 0.28349
-0.150326 0.743127 0.652047
0.150326 -0.743127 0.652047
0.667582 -0.574546 0.47353
-0.667582 0.574546 0.47353
-0.615683 0.7816 0.100182
0.615683 -0.7816 0.100182
0.671582 -0.427071 0.605466
-0.671582 0.427071 0.605466
-0.32328 0.179408 0.929141
0.32328 -0.179408 0.929141
0.354407 -0.436696 0.826857
-0.354407 0.436696 0.826857
0.0345019 -0.108588 0.993488
-0.0345019 0.108588 0.993488
0.551076 0.402259 0.731097
-0.551076 -0.402259 0.731097
0.456143 -0.475389 0.752289
-0.456143 0.475389 0.752289
-0.745384 -0.117816 0.656141
0.745384 0.117816 0.656141
-0.550616 0.771289 0.319272
0.550616 -0.771289 0.319272
-0.596732 0.0277233 0.801962
0.596732 -0.0277233 0.801962
0.09857 -0.663538 0.74162
-0.09857 0.663538 0.74162
-0.606371 0.415623 0.677918
0.606371 -0.415623 0.677918
0.382645 0.617197 0.687495
-0.382645 -0.617197 0.687495
0.151518 0.226398 0.962178
-0.151518 -0.226398 0.962178
0.0483559 0.956354 0.288183
-0.0483559 -0.956354 0.288183
0.631309 0.235433 0.738932
-0.631309 -0.235433 0.738932
0.437111 -0.291703 0.85079
-0.437111 0.291703 0.85079
-0.243372 0.133708 0.960673
0.243372 -0.133708 0.960673
0.841555 0.0712331 0.535454
-0.841555 -0.0712331 0.535454
-0.170488 0.811389 0.55909
0.170488 -0.811389 0.55909
-0.185187 -0.0557968 0.981118
0.185187 0.0557968 0.981118
-0.270724 0.355049 0.89479
0.270724 -0.355049 0.89479
0.330749 -0.652385 0.681909
-0.330749 0.652385 0.681909
-0.422781 -0.62129 0.659739
0.437124 0.60344 0.66692
-0.756944 -0.063651 0.650372
0.756944 0.063651 0.650372
-0.0556205 0.21169 0.975753
0.0556205 -0.21169 0.975753
0.402031 0.854659 0.328525
-0.402031 -0.854659 0.328525
-0.126684 0.575779 0.807731
0.126684 -0.575779 0.807731
-0.0682255 0.0615299 0.995771
0.0682255 -0.0615299 0.995771
-0.897845 0.177531 0.402936
0.897845 -0.177531 0.402936
-0.60778 0.714813 0.345898
0.60778 -0.714813 0.345898
-0.559644 -0.59588 0.575956
0.559644 0.59588 0.575956
0.390862 0.0969864 0.915325
-0.390862 -0.0969864 0.915325
-0.421418 0.760936 0.49334
0.421418 -0.760936 0.49334
0.614957 0.640967 0.459335
-0.614957 -0.640967 0.459335
-0.552391 0.184743 0.812856
0.552391 -0.184743 0.812856
0.81747 -0.0512778 0.573683
-0.81747 0.0512778 0.573683
0.402594 0.842587 0.357721
-0.402594 -0.842587 0.357721
0.391549 -0.205173 0.896991
-0.391549 0.205173 0.896991
-0.537352 -0.136187 0.83229
0.537352 0.136187 0.83229
0.390021 -0.145759 0.909196
-0.390021 0.145759 0.909196
-0.714363 -0.233967 0.659504
0.714363 0.233967 0.659504
-0.768452 -0.122179 0.628136
0.768452 0.122179 0.628136
0.48702 0.303525 0.818953
-0.48702 -0.303525 0.818953
-0.76031 -0.0767899 0.645005
0.76031 0.0767899 0.645005
-0.442752 -0.464331 0.767051
0.442752 0.464331 0.767051
0.146762 0.352722 0.924147
-0.146762 -0.352722 0.924147
-0.835686 -0.244588 0.491737
0.835686 0.244588 0.491737
-0.59654 0.278496 0.752715
0.59654 -0.278496 0.752715
0.17733 0.0118455 0.98408
-0.17733 -0.0118455 0.98408
-0.413448 -0.662156 0.624988
0.413448 0.662156 0.624988
-0.091953 -0.933673 0.34612
0.091953 0.933673 0.34612
0.865085 0.244026 0.438268
-0.865085 -0.244026 0.438268
-0.180643 0.859059 0.478942
0.180643 -0.859059 0.478942
0.206411 -0.210268 0.955606
-0.206411 0.210268 0.955606
-0.0927157 -0.445033 0.890702
0.0927157 0.445033 0.890702
0.812586 0.105339 0.573243
-0.812586 -0.105339 0.573243
-0.503261 0.216151 0.836664
0.503261 -0.216151 0.836664
-0.708239 -0.1031 0.698404
0.708239 0.1031 0.698404
0.302723 0.742668 0.59733
-0.302723 -0.742668 0.59733
0.59642 -0.387178 0.703119
-0.59642 0.387178 0.703119
-0.687521 -0.68231 0.24853
0.687521 0.68231 0.24853
-0.463803 -0.230915 0.855315
0.463803 0.230915 0.855315
-0.619122 0.0748789 0.781717
0.619122 -0.0748789 0.781717
-0.783725 0.40034 0.474872
0.783725 -0.40034 0.474872
-0.460525 -0.599062 0.655013
0.470696 0.635367 0.612171
0.392243 -0.318357 0.863014
-0.392243 0.318357 0.863014
-0.284155 0.333906 0.898756
0.284155 -0.333906 0.898756
0.330018 -0.473054 0.816889
-0.330018 0.473054 0.816889
-0.74288 0.512243 0.43097
0.74288 -0.512243 0.43097
0.00490809 0.492409 0.87035
-0.00490809 -0.492409 0.87035
0.382906 0.616116 0.68832
-0.382906 -0.616116 0.68832
-0.371212 0.370224 0.851549
0.371212 -0.370224 0.851549
-0.16262 0.345939 0.924057
0.16262 -0.345939 0.924057
0.543754 -0.488677 0.682295
-0.543754 0.488677 0.682295
0.573179 0.605376 0.552255
-0.573179 -0.605376 0.552255
0.164707 -0.752871 0.637226
-0.164707 0.752871 0.637226
-0.425941 -0.277028 0.861295
0.425941 0.277028 0.861295
0.820771 0.535372 0.199276
-0.820771 -0.535372 0.199276
-0.890239 -0.25974 0.374179
0.890239 0.25974 0.374179
-0.633594 -0.718221 0.287605
0.633594 0.718221 0.287605
-0.0958225 -0.183979 0.978248
0.0958225 0.183979 0.978248
-0.762406 0.364741 0.534511
0.762406 -0.364741 0.534511
-0.721138 0.654247 0.227861
0.721138 -0.654247 0.227861
-0.666387 0.287703 0.687863
0.666387 -0.287703 0.687863
0.11316 0.443892 0.888906
-0.11316 -0.443892 0.888906
-0.737178 -0.555601 0.384546
0.737178 0.555601 0.384546
0.602685 0.539565 0.587912
-0.602685 -0.539565 0.587912
-0.720864 -0.147073 0.677292
0.720864 0.147073 0.677292
0.860409 -0.265727 0.434839
-0.860409 0.265727 0.434839
-0.192871 -0.203068 0.959981
0.192871 0.203068 0.959981
0.422999 -0.712133 0.560301
-0.422999 0.712133 0.560301
-0.0647433 0.571693 0.817909
0.0647433 -0.571693 0.817909
-0.0676933 -0.0554933 0.996162
0.0676933 0.0554933 0.996162
0.594302 0.342112 0.727849
-0.594302 -0.342112 0.727849
0.424047 -0.775369 0.46796
-0.424047 0.775369 0.46796
-0.503148 -0.271308 0.820508
0.503148 0.271308 0.820508
-0.230943 -0.873499 0.428562
0.230943 0.873499 0.428562
0.0696488 -0.40131 0.91329
-0.0696488 0.40131 0.91329
-0.0562789 0.889577 0.453305
0.0562789 -0.889577 0.453305
0.495067 -0.665384 0.558724
-0.495067 0.665384 0.558724
0.289975 0.21788 0.931903
-0.289975 -0.21788 0.931903
-0.331819 -0.890733 0.310629
0.331819 0.890733 0.310629
0.387161 -0.703871 0.595543
-0.387161 0.703871 0.595543
-0.160623 -0.0201394 0.98681
0.160623 0.0201394 0.98681
-0.121503 -0.831676 0.541805
0.121503 0.831676 0.541805
0.488237 -0.612918 0.621254
-0.488237 0.612918 0.621254
-0.507077 0.215848 0.834436
0.507077 -0.215848 0.834436
0.628871 0.77042 0.10476
-0.628871 -0.77042 0.10476
