<pre><p># 2000 Random points on the surface
# of a <a class="resource autolink" title="Sphere" href="http://moodle.inf.ufrgs.br/mod/resource/view.php?r=24129" >sphere</a>
# Author: Marcelo Walter

v 0.80902 -0.10462 0.57839
v 0.80902 -0.10462 -0.57839
v -0.60978 0.23548 0.75678
v -0.60978 0.23548 -0.75678
v -0.66631 -0.12020 0.73592
v -0.66631 -0.12020 -0.73592
v 0.87931 -0.43070 0.20325
v 0.87931 -0.43070 -0.20325
v 0.13809 -0.73944 0.65891
v 0.13809 -0.73944 -0.65891
v 0.78237 -0.05609 0.62028
v 0.78237 -0.05609 -0.62028
v -0.56232 0.02520 0.82654
v -0.56232 0.02520 -0.82654
v -0.89465 -0.24269 0.37510
v -0.89465 -0.24269 -0.37510
v -0.79418 -0.06620 0.60407
v -0.79418 -0.06620 -0.60407
v -0.60722 -0.64582 0.46281
v -0.60722 -0.64582 -0.46281
v -0.56161 -0.04455 0.82620
v -0.56161 -0.04455 -0.82620
v 0.87744 -0.30128 0.37326
v 0.87744 -0.30128 -0.37326
v -0.74115 -0.20376 0.63967
v -0.74115 -0.20376 -0.63967
v -0.11153 -0.99193 0.06033
v -0.11153 -0.99193 -0.06033
v -0.20273 0.15843 0.96633
v -0.20273 0.15843 -0.96633
v 0.58822 -0.37137 0.71839
v 0.58822 -0.37137 -0.71839
v -0.28926 0.04803 0.95605
v -0.28926 0.04803 -0.95605
v -0.70552 -0.10151 0.70138
v -0.70552 -0.10151 -0.70138
v -0.02260 -0.96617 0.25693
v -0.02260 -0.96617 -0.25693
v 0.27081 0.10495 0.95689
v 0.27081 0.10495 -0.95689
v 0.45285 -0.35868 0.81626
v 0.45285 -0.35868 -0.81626
v 0.49776 0.85929 0.11774
v 0.49776 0.85929 -0.11774
v 0.70171 -0.47702 0.52920
v 0.70171 -0.47702 -0.52920
v -0.10297 -0.88140 0.46101
v -0.10297 -0.88140 -0.46101
v -0.32578 0.70300 0.63218
v -0.32578 0.70300 -0.63218
v -0.23692 -0.34883 0.90674
v -0.23692 -0.34883 -0.90674
v -0.17199 -0.77695 0.60561
v -0.17199 -0.77695 -0.60561
v -0.77409 0.21835 0.59422
v -0.77409 0.21835 -0.59422
v -0.77821 0.56973 0.26421
v -0.77821 0.56973 -0.26421
v 0.86483 -0.36111 0.34882
v 0.86483 -0.36111 -0.34882
v 0.80539 -0.45810 0.37614
v 0.80539 -0.45810 -0.37614
v -0.20698 0.87761 0.43239
v -0.20698 0.87761 -0.43239
v -0.32665 0.29003 0.89955
v -0.32665 0.29003 -0.89955
v 0.18702 0.13629 0.97285
v 0.18702 0.13629 -0.97285
v -0.05232 -0.13211 0.98985
v -0.05232 -0.13211 -0.98985
v 0.17974 0.76454 0.61901
v 0.17974 0.76454 -0.61901
v -0.04375 0.31438 0.94829
v -0.04375 0.31438 -0.94829
v 0.24387 0.71713 0.65288
v 0.24387 0.71713 -0.65288
v -0.73755 0.50156 0.45217
v -0.73755 0.50156 -0.45217
v -0.48380 -0.14262 0.86348
v -0.48380 -0.14262 -0.86348
v 0.47034 0.66417 0.58109
v 0.47034 0.66417 -0.58109
v -0.06937 0.77648 0.62631
v -0.06937 0.77648 -0.62631
v 0.24874 -0.63723 0.72943
v 0.24874 -0.63723 -0.72943
v -0.00220 -0.34239 0.93955
v -0.00220 -0.34239 -0.93955
v 0.78998 -0.53894 0.29237
v 0.78998 -0.53894 -0.29237
v -0.16862 -0.98303 0.07226
v -0.16862 -0.98303 -0.07226
v 0.77850 -0.59594 0.19696
v 0.77850 -0.59594 -0.19696
v 0.69128 0.55396 0.46396
v 0.69128 0.55396 -0.46396
v 0.78876 -0.05147 0.61254
v 0.78876 -0.05147 -0.61254
v -0.93955 -0.24884 0.23520
v -0.93955 -0.24884 -0.23520
v 0.19896 -0.67458 0.71089
v 0.19896 -0.67458 -0.71089
v -0.28683 0.20933 0.93483
v -0.28683 0.20933 -0.93483
v -0.24893 -0.81591 0.52185
v -0.24893 -0.81591 -0.52185
v 0.27816 -0.81248 0.51234
v 0.27816 -0.81248 -0.51234
v 0.18399 0.00580 0.98291
v 0.18399 0.00580 -0.98291
v -0.26225 -0.65290 0.71059
v -0.26225 -0.65290 -0.71059
v 0.57153 -0.03636 0.81977
v 0.57153 -0.03636 -0.81977
v 0.79657 -0.35266 0.49102
v 0.79657 -0.35266 -0.49102
v 0.17886 0.12033 0.97649
v 0.17886 0.12033 -0.97649
v -0.28280 -0.15233 0.94700
v -0.28280 -0.15233 -0.94700
v 0.82936 -0.32398 0.45518
v 0.82936 -0.32398 -0.45518
v -0.78742 0.41693 0.45403
v -0.78742 0.41693 -0.45403
v -0.62501 0.19718 0.75530
v -0.62501 0.19718 -0.75530
v -0.12588 0.38024 0.91628
v -0.12588 0.38024 -0.91628
v 0.07461 -0.05339 0.99578
v 0.07461 -0.05339 -0.99578
v -0.16294 0.15619 0.97419
v -0.16294 0.15619 -0.97419
v -0.81830 0.00692 0.57475
v -0.81830 0.00692 -0.57475
v -0.65434 -0.34795 0.67140
v -0.65434 -0.34795 -0.67140
v -0.46646 -0.59123 0.65793
v -0.46646 -0.59123 -0.65793
v -0.29750 -0.69783 0.65156
v -0.29750 -0.69783 -0.65156
v 0.88844 -0.37252 0.26813
v 0.88844 -0.37252 -0.26813
v 0.68500 -0.58781 0.43041
v 0.68500 -0.58781 -0.43041
v 0.89096 0.41658 0.18067
v 0.89096 0.41658 -0.18067
v 0.00236 0.20725 0.97828
v 0.00236 0.20725 -0.97828
v -0.64738 0.01492 0.76202
v -0.64738 0.01492 -0.76202
v 0.47672 -0.44849 0.75604
v 0.47672 -0.44849 -0.75604
v 0.04908 0.88613 0.46084
v 0.04908 0.88613 -0.46084
v 0.05492 -0.55633 0.82915
v 0.05492 -0.55633 -0.82915
v 0.00793 -0.60323 0.79753
v 0.00793 -0.60323 -0.79753
v 0.78760 0.50078 0.35903
v 0.78760 0.50078 -0.35903
v -0.69080 -0.62799 0.35836
v -0.69080 -0.62799 -0.35836
v 0.23675 0.89522 0.37754
v 0.23675 0.89522 -0.37754
v 0.53340 -0.02614 0.84546
v 0.53340 -0.02614 -0.84546
v 0.36130 -0.55671 0.74802
v 0.36130 -0.55671 -0.74802
v -0.07996 0.73561 0.67267
v -0.07996 0.73561 -0.67267
v 0.57724 0.50806 0.63928
v 0.57724 0.50806 -0.63928
v 0.90032 0.18254 0.39510
v 0.90032 0.18254 -0.39510
v -0.05857 0.46897 0.88127
v -0.05857 0.46897 -0.88127
v 0.33576 0.00763 0.94192
v 0.33576 0.00763 -0.94192
v -0.89086 0.28950 0.35010
v -0.89086 0.28950 -0.35010
v -0.81977 0.16696 0.54781
v -0.81977 0.16696 -0.54781
v -0.58426 0.13457 0.80033
v -0.58426 0.13457 -0.80033
v -0.34061 -0.52207 0.78194
v -0.34061 -0.52207 -0.78194
v 0.31813 0.68311 0.65738
v 0.31813 0.68311 -0.65738
v 0.13609 0.58190 0.80179
v 0.13609 0.58190 -0.80179
v 0.24222 0.72024 0.65007
v 0.24222 0.72024 -0.65007
v 0.48777 -0.23208 0.84156
v 0.48777 -0.23208 -0.84156
v -0.64454 -0.13577 0.75242
v -0.64454 -0.13577 -0.75242
v -0.17929 0.49458 0.85044
v -0.17929 0.49458 -0.85044
v -0.05333 0.98194 0.18150
v -0.05333 0.98194 -0.18150
v 0.43348 0.41584 0.79948
v 0.43348 0.41584 -0.79948
v 0.49664 -0.27144 0.82442
v 0.49664 -0.27144 -0.82442
v -0.05359 -0.51506 0.85548
v -0.05359 -0.51506 -0.85548
v -0.02619 -0.55867 0.82898
v -0.02619 -0.55867 -0.82898
v -0.34470 0.65087 0.67642
v -0.34470 0.65087 -0.67642
v -0.00622 0.67966 0.73350
v -0.00622 0.67966 -0.73350
v -0.93460 0.25866 0.24417
v -0.93460 0.25866 -0.24417
v 0.86770 0.07608 0.49124
v 0.86770 0.07608 -0.49124
v -0.98142 -0.18241 0.05948
v -0.98142 -0.18241 -0.05948
v -0.30962 -0.25950 0.91477
v -0.30962 -0.25950 -0.91477
v -0.69684 0.12836 0.70565
v -0.69684 0.12836 -0.70565
v -0.01839 -0.17688 0.98406
v -0.01839 -0.17688 -0.98406
v 0.09118 -0.39378 0.91467
v 0.09118 -0.39378 -0.91467
v -0.30411 0.94070 0.15035
v -0.30411 0.94070 -0.15035
v 0.66395 -0.19703 0.72136
v 0.66395 -0.19703 -0.72136
v -0.27181 -0.82277 0.49916
v -0.27181 -0.82277 -0.49916
v 0.53112 -0.16510 0.83106
v 0.53112 -0.16510 -0.83106
v 0.91684 -0.25441 0.30770
v 0.91684 -0.25441 -0.30770
v -0.58745 0.13613 0.79773
v -0.58745 0.13613 -0.79773
v -0.51060 -0.50547 0.69554
v -0.51060 -0.50547 -0.69554
v 0.22678 -0.76680 0.60049
v 0.22678 -0.76680 -0.60049
v -0.20749 0.47509 0.85513
v -0.20749 0.47509 -0.85513
v -0.55627 0.15326 0.81675
v -0.55627 0.15326 -0.81675
v 0.04214 -0.31400 0.94849
v 0.04214 -0.31400 -0.94849
v 0.05676 0.75417 0.65422
v 0.05676 0.75417 -0.65422
v -0.50482 0.23730 0.82997
v -0.50482 0.23730 -0.82997
v 0.98920 -0.01828 0.14542
v 0.98920 -0.01828 -0.14542
v 0.55271 -0.19972 0.80909
v 0.55271 -0.19972 -0.80909
v -0.40435 0.37462 0.83436
v -0.40435 0.37462 -0.83436
v 0.21481 0.69939 0.68169
v 0.21481 0.69939 -0.68169
v -0.65584 -0.32553 0.68110
v -0.65584 -0.32553 -0.68110
v 0.18681 -0.15265 0.97046
v 0.18681 -0.15265 -0.97046
v -0.28706 0.65967 0.69457
v -0.28706 0.65967 -0.69457
v -0.08348 0.79941 0.59496
v -0.08348 0.79941 -0.59496
v -0.88565 0.02783 0.46351
v -0.88565 0.02783 -0.46351
v -0.24909 0.58984 0.76814
v -0.24909 0.58984 -0.76814
v 0.89882 0.15453 0.41017
v 0.89882 0.15453 -0.41017
v 0.52586 -0.53625 0.66024
v 0.52586 -0.53625 -0.66024
v -0.28832 0.45553 0.84224
v -0.28832 0.45553 -0.84224
v 0.34239 -0.42024 0.84034
v 0.34239 -0.42024 -0.84034
v 0.25517 -0.56186 0.78689
v 0.25517 -0.56186 -0.78689
v 0.61764 -0.42591 0.66115
v 0.61764 -0.42591 -0.66115
v 0.48543 0.81432 0.31819
v 0.48543 0.81432 -0.31819
v -0.63356 -0.20428 0.74624
v -0.63356 -0.20428 -0.74624
v -0.73141 0.44478 0.51692
v -0.73141 0.44478 -0.51692
v 0.89325 0.20731 0.39891
v 0.89325 0.20731 -0.39891
v 0.61035 0.17204 0.77322
v 0.61035 0.17204 -0.77322
v -0.04332 0.74753 0.66282
v -0.04332 0.74753 -0.66282
v 0.40055 0.62577 0.66931
v 0.40055 0.62577 -0.66931
v 0.59437 -0.14735 0.79058
v 0.59437 -0.14735 -0.79058
v -0.41825 0.05052 0.90692
v -0.41825 0.05052 -0.90692
v -0.09470 -0.67554 0.73121
v -0.09470 -0.67554 -0.73121
v -0.34474 0.05407 0.93714
v -0.34474 0.05407 -0.93714
v 0.03987 -0.94079 0.33663
v 0.03987 -0.94079 -0.33663
v -0.81364 0.36684 0.45103
v -0.81364 0.36684 -0.45103
v 0.48047 0.39964 0.78066
v 0.48047 0.39964 -0.78066
v 0.76511 0.02058 0.64357
v 0.76511 0.02058 -0.64357
v -0.91292 -0.28406 0.29305
v -0.91292 -0.28406 -0.29305
v -0.32710 -0.83419 0.44399
v -0.32710 -0.83419 -0.44399
v -0.07464 -0.76789 0.63622
v -0.07464 -0.76789 -0.63622
v -0.00490 -0.35403 0.93522
v -0.00490 -0.35403 -0.93522
v 0.85691 -0.48844 0.16473
v 0.85691 -0.48844 -0.16473
v -0.68716 0.20625 0.69662
v -0.68716 0.20625 -0.69662
v -0.56629 -0.62116 0.54174
v -0.56629 -0.62116 -0.54174
v -0.80122 0.12145 0.58592
v -0.80122 0.12145 -0.58592
v 0.28221 -0.45702 0.84350
v 0.28221 -0.45702 -0.84350
v 0.50228 -0.73311 0.45854
v 0.50228 -0.73311 -0.45854
v -0.72827 0.17067 0.66370
v -0.72827 0.17067 -0.66370
v 0.10603 0.63398 0.76605
v 0.10603 0.63398 -0.76605
v -0.09523 -0.62484 0.77492
v -0.09523 -0.62484 -0.77492
v -0.35360 0.21949 0.90928
v -0.35360 0.21949 -0.90928
v -0.36503 0.87394 0.32091
v -0.36503 0.87394 -0.32091
v -0.37973 -0.07320 0.92220
v -0.37973 -0.07320 -0.92220
v -0.31231 0.94149 0.12672
v -0.31231 0.94149 -0.12672
v 0.20529 -0.62812 0.75055
v 0.20529 -0.62812 -0.75055
v 0.62333 -0.34307 0.70268
v 0.62333 -0.34307 -0.70268
v 0.46543 -0.42181 0.77810
v 0.46543 -0.42181 -0.77810
v -0.21434 0.17216 0.96147
v -0.21434 0.17216 -0.96147
v 0.51050 -0.15373 0.84602
v 0.51050 -0.15373 -0.84602
v -0.14094 -0.44402 0.88486
v -0.14094 -0.44402 -0.88486
v -0.46577 -0.08658 0.88066
v -0.46577 -0.08658 -0.88066
v 0.92871 0.01856 0.37033
v 0.92871 0.01856 -0.37033
v 0.04494 0.93912 0.34064
v 0.04494 0.93912 -0.34064
v -0.41259 -0.58194 0.70080
v -0.41259 -0.58194 -0.70080
v 0.53595 0.01815 0.84405
v 0.53595 0.01815 -0.84405
v -0.92818 0.35089 0.12394
v -0.92818 0.35089 -0.12394
v 0.23292 0.68600 0.68932
v 0.23292 0.68600 -0.68932
v -0.21432 0.52753 0.82206
v -0.21432 0.52753 -0.82206
v 0.08474 -0.92097 0.38031
v 0.08474 -0.92097 -0.38031
v 0.36635 -0.04354 0.92946
v 0.36635 -0.04354 -0.92946
v -0.27217 -0.41314 0.86905
v -0.27217 -0.41314 -0.86905
v 0.05904 0.22328 0.97297
v 0.05904 0.22328 -0.97297
v 0.59594 -0.27992 0.75266
v 0.59594 -0.27992 -0.75266
v -0.04589 -0.83331 0.55090
v -0.04589 -0.83331 -0.55090
v -0.37070 -0.47530 0.79791
v -0.37070 -0.47530 -0.79791
v 0.80901 0.36013 0.46455
v 0.80901 0.36013 -0.46455
v -0.17928 0.54456 0.81934
v -0.17928 0.54456 -0.81934
v -0.16489 0.70198 0.69285
v -0.16489 0.70198 -0.69285
v 0.24363 0.62610 0.74071
v 0.24363 0.62610 -0.74071
v -0.69401 0.42774 0.57913
v -0.69401 0.42774 -0.57913
v -0.97290 0.10257 0.20722
v -0.97290 0.10257 -0.20722
v -0.75568 -0.24001 0.60939
v -0.75568 -0.24001 -0.60939
v -0.12179 0.09972 0.98753
v -0.12179 0.09972 -0.98753
v 0.47607 0.62434 0.61931
v 0.47607 0.62434 -0.61931
v 0.14207 -0.24540 0.95895
v 0.14207 -0.24540 -0.95895
v 0.77837 0.46488 0.42192
v 0.77837 0.46488 -0.42192
v 0.22233 0.46290 0.85808
v 0.22233 0.46290 -0.85808
v 0.05658 0.69846 0.71341
v 0.05658 0.69846 -0.71341
v -0.05917 -0.63696 0.76862
v -0.05917 -0.63696 -0.76862
v 0.66426 0.29250 0.68789
v 0.66426 0.29250 -0.68789
v 0.09359 -0.52554 0.84561
v 0.09359 -0.52554 -0.84561
v -0.73590 0.48392 0.47357
v -0.73590 0.48392 -0.47357
v 0.85829 -0.09586 0.50414
v 0.85829 -0.09586 -0.50414
v 0.77114 -0.09713 0.62921
v 0.77114 -0.09713 -0.62921
v 0.68249 -0.40301 0.60975
v 0.68249 -0.40301 -0.60975
v -0.71794 0.03286 0.69533
v -0.71794 0.03286 -0.69533
v 0.64032 -0.05475 0.76616
v 0.64032 -0.05475 -0.76616
v 0.29244 0.41810 0.86004
v 0.29244 0.41810 -0.86004
v 0.73428 0.05857 0.67632
v 0.73428 0.05857 -0.67632
v 0.63944 -0.13670 0.75659
v 0.63944 -0.13670 -0.75659
v -0.26277 -0.60473 0.75183
v -0.26277 -0.60473 -0.75183
v 0.82817 0.26049 0.49626
v 0.82817 0.26049 -0.49626
v -0.10200 0.93404 0.34228
v -0.10200 0.93404 -0.34228
v 0.73605 0.45117 0.50464
v 0.73605 0.45117 -0.50464
v -0.00713 0.53712 0.84348
v -0.00713 0.53712 -0.84348
v 0.42519 -0.24732 0.87066
v 0.42519 -0.24732 -0.87066
v -0.51075 -0.35689 0.78215
v -0.51075 -0.35689 -0.78215
v 0.55128 -0.68157 0.48120
v 0.55128 -0.68157 -0.48120
v -0.77169 0.11037 0.62635
v -0.77169 0.11037 -0.62635
v 0.20465 0.48922 0.84781
v 0.20465 0.48922 -0.84781
v -0.01837 -0.13924 0.99009
v -0.01837 -0.13924 -0.99009
v 0.15339 0.41022 0.89900
v 0.15339 0.41022 -0.89900
v 0.09893 -0.88719 0.45067
v 0.09893 -0.88719 -0.45067
v 0.57822 -0.43237 0.69189
v 0.57822 -0.43237 -0.69189
v -0.14163 0.75978 0.63457
v -0.14163 0.75978 -0.63457
v -0.03557 0.08132 0.99605
v -0.03557 0.08132 -0.99605
v 0.04883 -0.63296 0.77265
v 0.04883 -0.63296 -0.77265
v -0.93031 0.10468 0.35151
v -0.93031 0.10468 -0.35151
v 0.80208 0.52005 0.29361
v 0.80208 0.52005 -0.29361
v -0.01528 0.57745 0.81628
v -0.01528 0.57745 -0.81628
v -0.91642 0.07324 0.39347
v -0.91642 0.07324 -0.39347
v 0.82174 -0.44691 0.35357
v 0.82174 -0.44691 -0.35357
v 0.85391 0.48430 0.19050
v 0.85391 0.48430 -0.19050
v 0.07643 0.96616 0.24635
v 0.07643 0.96616 -0.24635
v -0.90261 0.21047 0.37549
v -0.90261 0.21047 -0.37549
v 0.84820 -0.10759 0.51863
v 0.84820 -0.10759 -0.51863
v -0.52437 -0.43383 0.73269
v -0.52437 -0.43383 -0.73269
v 0.01242 -0.15542 0.98777
v 0.01242 -0.15542 -0.98777
v -0.94952 0.00522 0.31367
v -0.94952 0.00522 -0.31367
v 0.21227 0.11881 0.96996
v 0.21227 0.11881 -0.96996
v 0.25782 -0.85437 0.45121
v 0.25782 -0.85437 -0.45121
v -0.30569 -0.09371 0.94751
v -0.30569 -0.09371 -0.94751
v -0.45939 0.39386 0.79614
v -0.45939 0.39386 -0.79614
v 0.48073 -0.54139 0.68978
v 0.48073 -0.54139 -0.68978
v 0.05689 0.24788 0.96712
v 0.05689 0.24788 -0.96712
v 0.72433 0.06424 0.68645
v 0.72433 0.06424 -0.68645
v -0.07833 0.61203 0.78694
v -0.07833 0.61203 -0.78694
v -0.62084 -0.23833 0.74683
v -0.62084 -0.23833 -0.74683
v 0.02993 -0.88668 0.46142
v 0.02993 -0.88668 -0.46142
v -0.28628 0.89979 0.32928
v -0.28628 0.89979 -0.32928
v -0.04488 -0.59514 0.80237
v -0.04488 -0.59514 -0.80237
v 0.35649 0.77647 0.51962
v 0.35649 0.77647 -0.51962
v -0.08444 0.14880 0.98526
v -0.08444 0.14880 -0.98526
v -0.11115 -0.27965 0.95365
v -0.11115 -0.27965 -0.95365
v -0.25300 0.48041 0.83976
v -0.25300 0.48041 -0.83976
v 0.35632 0.76267 0.53978
v 0.35632 0.76267 -0.53978
v 0.13533 -0.16029 0.97775
v 0.13533 -0.16029 -0.97775
v 0.64734 0.08246 0.75772
v 0.64734 0.08246 -0.75772
v 0.41737 0.09662 0.90359
v 0.41737 0.09662 -0.90359
v -0.82572 -0.23854 0.51116
v -0.82572 -0.23854 -0.51116
v -0.59497 0.23212 0.76950
v -0.59497 0.23212 -0.76950
v -0.32955 -0.14360 0.93315
v -0.32955 -0.14360 -0.93315
v 0.33552 -0.93697 0.09753
v 0.33552 -0.93697 -0.09753
v 0.30948 0.36375 0.87858
v 0.30948 0.36375 -0.87858
v 0.84363 -0.34925 0.40782
v 0.84363 -0.34925 -0.40782
v 0.29754 0.77185 0.56189
v 0.29754 0.77185 -0.56189
v 0.35275 -0.18704 0.91683
v 0.35275 -0.18704 -0.91683
v -0.58345 -0.52657 0.61832
v -0.58345 -0.52657 -0.61832
v -0.28004 0.16161 0.94629
v -0.28004 0.16161 -0.94629
v 0.28327 0.17185 0.94352
v 0.28327 0.17185 -0.94352
v 0.70269 -0.65958 0.26680
v 0.70269 -0.65958 -0.26680
v 0.10163 0.79479 0.59831
v 0.10163 0.79479 -0.59831
v -0.94159 -0.02669 0.33571
v -0.94159 -0.02669 -0.33571
v 0.78951 0.42226 0.44539
v 0.78951 0.42226 -0.44539
v 0.18999 -0.22017 0.95678
v 0.18999 -0.22017 -0.95678
v -0.18035 -0.79678 0.57672
v -0.18035 -0.79678 -0.57672
v -0.15752 -0.19063 0.96894
v -0.15752 -0.19063 -0.96894
v -0.61166 0.28913 0.73640
v -0.61166 0.28913 -0.73640
v -0.48843 0.79351 0.36301
v -0.48843 0.79351 -0.36301
v 0.32575 0.19345 0.92545
v 0.32575 0.19345 -0.92545
v 0.32040 0.87695 0.35820
v 0.32040 0.87695 -0.35820
v 0.45643 -0.32616 0.82782
v 0.45643 -0.32616 -0.82782
v -0.72762 0.58144 0.36400
v -0.72762 0.58144 -0.36400
v -0.30706 -0.86657 0.39340
v -0.30706 -0.86657 -0.39340
v -0.24886 -0.26807 0.93070
v -0.24886 -0.26807 -0.93070
v 0.38581 0.80516 0.45040
v 0.38581 0.80516 -0.45040
v -0.22451 0.54436 0.80825
v -0.22451 0.54436 -0.80825
v -0.29502 -0.87600 0.38156
v -0.29502 -0.87600 -0.38156
v 0.44020 0.43062 0.78790
v 0.44020 0.43062 -0.78790
v 0.47808 -0.61414 0.62791
v 0.47808 -0.61414 -0.62791
v -0.18094 0.39491 0.90073
v -0.18094 0.39491 -0.90073
v -0.20776 -0.26139 0.94261
v -0.20776 -0.26139 -0.94261
v -0.59741 0.46347 0.65444
v -0.59741 0.46347 -0.65444
v -0.14611 0.07261 0.98660
v -0.14611 0.07261 -0.98660
v -0.10476 0.46353 0.87987
v -0.10476 0.46353 -0.87987
v -0.00895 0.38882 0.92127
v -0.00895 0.38882 -0.92127
v -0.50385 0.33360 0.79677
v -0.50385 0.33360 -0.79677
v 0.38266 -0.40898 0.82844
v 0.38266 -0.40898 -0.82844
v 0.25838 -0.55898 0.78790
v 0.25838 -0.55898 -0.78790
v 0.53184 0.79173 0.30053
v 0.53184 0.79173 -0.30053
v -0.22881 0.77606 0.58768
v -0.22881 0.77606 -0.58768
v -0.39653 -0.88559 0.24187
v -0.39653 -0.88559 -0.24187
v -0.42908 -0.10101 0.89760
v -0.42908 -0.10101 -0.89760
v 0.45129 0.72514 0.52010
v 0.45129 0.72514 -0.52010
v -0.75129 -0.46781 0.46553
v -0.75129 -0.46781 -0.46553
v 0.28622 -0.50527 0.81412
v 0.28622 -0.50527 -0.81412
v 0.18823 0.73588 0.65043
v 0.18823 0.73588 -0.65043
v 0.19318 -0.50263 0.84264
v 0.19318 -0.50263 -0.84264
v 0.07778 -0.08604 0.99325
v 0.07778 -0.08604 -0.99325
v -0.22443 -0.83486 0.50263
v -0.22443 -0.83486 -0.50263
v 0.15722 0.21718 0.96339
v 0.15722 0.21718 -0.96339
v 0.50345 0.30751 0.80745
v 0.50345 0.30751 -0.80745
v -0.46428 -0.57692 0.67201
v -0.46428 -0.57692 -0.67201
v 0.09099 -0.77435 0.62618
v 0.09099 -0.77435 -0.62618
v -0.04113 -0.96880 0.24441
v -0.04113 -0.96880 -0.24441
v 0.36210 0.17559 0.91545
v 0.36210 0.17559 -0.91545
v -0.03733 0.31065 0.94979
v -0.03733 0.31065 -0.94979
v 0.47046 0.25109 0.84595
v 0.47046 0.25109 -0.84595
v 0.25551 0.24638 0.93489
v 0.25551 0.24638 -0.93489
v 0.33805 -0.71603 0.61075
v 0.33805 -0.71603 -0.61075
v -0.85389 -0.17245 0.49106
v -0.85389 -0.17245 -0.49106
v 0.40778 0.10001 0.90759
v 0.40778 0.10001 -0.90759
v -0.51804 0.64855 0.55769
v -0.51804 0.64855 -0.55769
v 0.68701 0.50277 0.52463
v 0.68701 0.50277 -0.52463
v 0.53957 -0.19888 0.81812
v 0.53957 -0.19888 -0.81812
v 0.65829 -0.65909 0.36367
v 0.65829 -0.65909 -0.36367
v -0.27840 0.16992 0.94532
v -0.27840 0.16992 -0.94532
v -0.46004 0.01750 0.88773
v -0.46004 0.01750 -0.88773
v 0.57256 0.70596 0.41689
v 0.57256 0.70596 -0.41689
v 0.42758 -0.22046 0.87668
v 0.42758 -0.22046 -0.87668
v 0.05165 -0.07920 0.99552
v 0.05165 -0.07920 -0.99552
v 0.34840 0.83313 0.42955
v 0.34840 0.83313 -0.42955
v 0.49694 -0.70478 0.50630
v 0.49694 -0.70478 -0.50630
v 0.01280 -0.55822 0.82960
v 0.01280 -0.55822 -0.82960
v -0.33766 0.51799 0.78592
v -0.33766 0.51799 -0.78592
v -0.34817 0.78717 0.50906
v -0.34817 0.78717 -0.50906
v 0.20619 0.29426 0.93322
v 0.20619 0.29426 -0.93322
v 0.41124 0.18270 0.89303
v 0.41124 0.18270 -0.89303
v -0.70006 -0.18468 0.68979
v -0.70006 -0.18468 -0.68979
v 0.34957 -0.57809 0.73730
v 0.34957 -0.57809 -0.73730
v -0.09877 -0.95681 0.27342
v -0.09877 -0.95681 -0.27342
v -0.12634 -0.71287 0.68983
v -0.12634 -0.71287 -0.68983
v -0.54511 -0.50683 0.66781
v -0.54511 -0.50683 -0.66781
v -0.69122 -0.18184 0.69939
v -0.69122 -0.18184 -0.69939
v 0.26651 -0.31432 0.91114
v 0.26651 -0.31432 -0.91114
v -0.03859 0.97853 0.20244
v -0.03859 0.97853 -0.20244
v 0.07631 -0.33993 0.93735
v 0.07631 -0.33993 -0.93735
v 0.55873 0.10101 0.82318
v 0.55873 0.10101 -0.82318
v 0.21218 0.24121 0.94699
v 0.21218 0.24121 -0.94699
v -0.23174 -0.69041 0.68529
v -0.23174 -0.69041 -0.68529
v -0.87707 -0.24887 0.41086
v -0.87707 -0.24887 -0.41086
v -0.05152 -0.75820 0.64998
v -0.05152 -0.75820 -0.64998
v 0.13358 0.02122 0.99081
v 0.13358 0.02122 -0.99081
v -0.38559 -0.10518 0.91666
v -0.38559 -0.10518 -0.91666
v -0.34133 -0.22105 0.91358
v -0.34133 -0.22105 -0.91358
v -0.40279 0.31177 0.86056
v -0.40279 0.31177 -0.86056
v 0.14990 -0.68519 0.71277
v 0.14990 -0.68519 -0.71277
v 0.57026 0.52264 0.63377
v 0.57026 0.52264 -0.63377
v -0.19864 -0.14108 0.96987
v -0.19864 -0.14108 -0.96987
v -0.47545 -0.16923 0.86331
v -0.47545 -0.16923 -0.86331
v 0.39009 -0.88358 0.25906
v 0.39009 -0.88358 -0.25906
v 0.59811 0.04462 0.80017
v 0.59811 0.04462 -0.80017
v -0.09560 -0.12197 0.98792
v -0.09560 -0.12197 -0.98792
v 0.34036 -0.36850 0.86508
v 0.34036 -0.36850 -0.86508
v -0.17633 -0.44770 0.87662
v -0.17633 -0.44770 -0.87662
v 0.84336 -0.38446 0.37541
v 0.84336 -0.38446 -0.37541
v 0.68292 0.60450 0.41013
v 0.68292 0.60450 -0.41013
v -0.02533 0.95913 0.28183
v -0.02533 0.95913 -0.28183
v -0.59933 -0.43941 0.66912
v -0.59933 -0.43941 -0.66912
v -0.83105 0.32784 0.44931
v -0.83105 0.32784 -0.44931
v -0.36821 0.81071 0.45516
v -0.36821 0.81071 -0.45516
v 0.23680 -0.71817 0.65434
v 0.23680 -0.71817 -0.65434
v -0.44370 -0.06943 0.89348
v -0.44370 -0.06943 -0.89348
v -0.58421 0.29109 0.75760
v -0.58421 0.29109 -0.75760
v 0.01383 0.71977 0.69408
v 0.01383 0.71977 -0.69408
v 0.75798 0.33523 0.55954
v 0.75798 0.33523 -0.55954
v -0.48836 -0.41053 0.77004
v -0.48836 -0.41053 -0.77004
v -0.66741 -0.05644 0.74255
v -0.66741 -0.05644 -0.74255
v -0.25915 0.77031 0.58264
v -0.25915 0.77031 -0.58264
v 0.51787 -0.17206 0.83798
v 0.51787 -0.17206 -0.83798
v -0.27019 0.51019 0.81652
v -0.27019 0.51019 -0.81652
v 0.82414 0.35739 0.43938
v 0.82414 0.35739 -0.43938
v -0.59819 -0.51209 0.61638
v -0.59819 -0.51209 -0.61638
v -0.47694 0.39039 0.78748
v -0.47694 0.39039 -0.78748
v -0.05230 -0.29814 0.95309
v -0.05230 -0.29814 -0.95309
v -0.22361 -0.84513 0.48555
v -0.22361 -0.84513 -0.48555
v -0.06676 -0.47465 0.87764
v -0.06676 -0.47465 -0.87764
v -0.88363 0.46771 0.02105
v -0.88363 0.46771 -0.02105
v -0.52823 -0.07513 0.84577
v -0.52823 -0.07513 -0.84577
v -0.15629 -0.80328 0.57473
v -0.15629 -0.80328 -0.57473
v 0.26252 0.87337 0.41025
v 0.26252 0.87337 -0.41025
v 0.40100 -0.07971 0.91260
v 0.40100 -0.07971 -0.91260
v -0.82595 0.01874 0.56344
v -0.82595 0.01874 -0.56344
v 0.21018 0.90485 0.37024
v 0.21018 0.90485 -0.37024
v -0.06551 -0.04949 0.99662
v -0.06551 -0.04949 -0.99662
v 0.13570 -0.78993 0.59799
v 0.13570 -0.78993 -0.59799
v 0.37421 0.56591 0.73465
v 0.37421 0.56591 -0.73465
v 0.61272 0.60825 0.50458
v 0.61272 0.60825 -0.50458
v 0.28962 0.13152 0.94806
v 0.28962 0.13152 -0.94806
v -0.17025 -0.47168 0.86518
v -0.17025 -0.47168 -0.86518
v -0.02596 0.61095 0.79124
v -0.02596 0.61095 -0.79124
v -0.38244 -0.50616 0.77301
v -0.38244 -0.50616 -0.77301
v -0.41989 -0.89271 0.16357
v -0.41989 -0.89271 -0.16357
v -0.66497 -0.45415 0.59293
v -0.66497 -0.45415 -0.59293
v -0.40984 -0.25669 0.87530
v -0.40984 -0.25669 -0.87530
v -0.91555 -0.22076 0.33620
v -0.91555 -0.22076 -0.33620
v -0.34496 -0.59759 0.72381
v -0.34496 -0.59759 -0.72381
v 0.26408 -0.23903 0.93441
v 0.26408 -0.23903 -0.93441
v 0.72100 0.17830 0.66961
v 0.72100 0.17830 -0.66961
v 0.53495 0.20864 0.81872
v 0.53495 0.20864 -0.81872
v -0.37453 0.72124 0.58269
v -0.37453 0.72124 -0.58269
v 0.35011 0.62935 0.69379
v 0.35011 0.62935 -0.69379
v -0.54777 -0.66492 0.50777
v -0.54777 -0.66492 -0.50777
v 0.79662 0.56126 0.22444
v 0.79662 0.56126 -0.22444
v -0.10251 0.77645 0.62178
v -0.10251 0.77645 -0.62178
v -0.11848 -0.14417 0.98243
v -0.11848 -0.14417 -0.98243
v 0.24922 -0.42903 0.86823
v 0.24922 -0.42903 -0.86823
v -0.36355 0.14711 0.91988
v -0.36355 0.14711 -0.91988
v 0.98614 -0.01957 0.16473
v 0.98614 -0.01957 -0.16473
v -0.14635 0.37790 0.91421
v -0.14635 0.37790 -0.91421
v 0.80068 0.35993 0.47891
v 0.80068 0.35993 -0.47891
v -0.62065 0.72550 0.29740
v -0.62065 0.72550 -0.29740
v 0.46248 -0.38561 0.79838
v 0.46248 -0.38561 -0.79838
v -0.57158 -0.07599 0.81702
v -0.57158 -0.07599 -0.81702
v 0.73527 0.24997 0.62999
v 0.73527 0.24997 -0.62999
v -0.91130 0.14077 0.38694
v -0.91130 0.14077 -0.38694
v -0.18973 0.68673 0.70172
v -0.18973 0.68673 -0.70172
v -0.86441 0.39466 0.31149
v -0.86441 0.39466 -0.31149
v -0.22135 0.89338 0.39100
v -0.22135 0.89338 -0.39100
v -0.92124 0.08013 0.38065
v -0.92124 0.08013 -0.38065
v 0.63934 0.08688 0.76400
v 0.63934 0.08688 -0.76400
v -0.26030 0.81200 0.52240
v -0.26030 0.81200 -0.52240
v 0.10751 -0.41296 0.90438
v 0.10751 -0.41296 -0.90438
v 0.04852 -0.13499 0.98966
v 0.04852 -0.13499 -0.98966
v 0.07146 -0.30159 0.95075
v 0.07146 -0.30159 -0.95075
v -0.53934 -0.24573 0.80544
v -0.53934 -0.24573 -0.80544
v -0.00892 -0.78472 0.61979
v -0.00892 -0.78472 -0.61979
v 0.81089 0.05095 0.58297
v 0.81089 0.05095 -0.58297
v -0.58242 -0.16054 0.79687
v -0.58242 -0.16054 -0.79687
v 0.36398 0.63316 0.68310
v 0.36398 0.63316 -0.68310
v 0.81301 0.51968 0.26259
v 0.81301 0.51968 -0.26259
v -0.12947 -0.95570 0.26432
v -0.12947 -0.95570 -0.26432
v -0.44138 0.32030 0.83821
v -0.44138 0.32030 -0.83821
v 0.70659 -0.00294 0.70762
v 0.70659 -0.00294 -0.70762
v -0.24612 0.48894 0.83688
v -0.24612 0.48894 -0.83688
v 0.37910 0.43554 0.81645
v 0.37910 0.43554 -0.81645
v 0.44283 -0.52983 0.72332
v 0.44283 -0.52983 -0.72332
v 0.47193 0.44274 0.76241
v 0.47193 0.44274 -0.76241
v 0.17328 -0.97897 0.10768
v 0.17328 -0.97897 -0.10768
v -0.51831 -0.57058 0.63702
v -0.51831 -0.57058 -0.63702
v -0.26644 0.26628 0.92634
v -0.26644 0.26628 -0.92634
v -0.36173 -0.24789 0.89873
v -0.36173 -0.24789 -0.89873
v 0.55444 0.64452 0.52649
v 0.55444 0.64452 -0.52649
v -0.09575 -0.03711 0.99471
v -0.09575 -0.03711 -0.99471
v 0.55955 -0.04042 0.82781
v 0.55955 -0.04042 -0.82781
v 0.37566 -0.64895 0.66162
v 0.37566 -0.64895 -0.66162
v -0.33800 -0.01176 0.94107
v -0.33800 -0.01176 -0.94107
v 0.34254 0.14019 0.92899
v 0.34254 0.14019 -0.92899
v -0.49395 0.70787 0.50491
v -0.49395 0.70787 -0.50491
v 0.84284 -0.50537 0.18502
v 0.84284 -0.50537 -0.18502
v -0.44410 -0.66944 0.59550
v -0.44410 -0.66944 -0.59550
v -0.93073 0.03933 0.36359
v -0.93073 0.03933 -0.36359
v 0.56579 -0.09121 0.81949
v 0.56579 -0.09121 -0.81949
v 0.27012 0.81796 0.50791
v 0.27012 0.81796 -0.50791
v 0.06666 0.19930 0.97767
v 0.06666 0.19930 -0.97767
v 0.52742 0.33307 0.78160
v 0.52742 0.33307 -0.78160
v 0.16765 0.52305 0.83565
v 0.16765 0.52305 -0.83565
v 0.68946 0.05811 0.72199
v 0.68946 0.05811 -0.72199
v 0.36588 -0.67204 0.64381
v 0.36588 -0.67204 -0.64381
v -0.73109 -0.61705 0.29113
v -0.73109 -0.61705 -0.29113
v 0.70232 -0.35241 0.61851
v 0.70232 -0.35241 -0.61851
v -0.33161 -0.12424 0.93520
v -0.33161 -0.12424 -0.93520
v -0.34727 -0.80040 0.48863
v -0.34727 -0.80040 -0.48863
v -0.00091 0.26139 0.96523
v -0.00091 0.26139 -0.96523
v 0.51769 0.33900 0.78554
v 0.51769 0.33900 -0.78554
v 0.84786 0.50744 0.15376
v 0.84786 0.50744 -0.15376
v -0.13617 0.10422 0.98519
v -0.13617 0.10422 -0.98519
v -0.42809 0.70953 0.55974
v -0.42809 0.70953 -0.55974
v -0.45986 0.72521 0.51244
v -0.45986 0.72521 -0.51244
v 0.60859 0.11698 0.78481
v 0.60859 0.11698 -0.78481
v 0.37140 0.60385 0.70528
v 0.37140 0.60385 -0.70528
v -0.39150 0.85863 0.33089
v -0.39150 0.85863 -0.33089
v -0.14439 -0.38830 0.91015
v -0.14439 -0.38830 -0.91015
v -0.86466 -0.33511 0.37425
v -0.86466 -0.33511 -0.37425
v -0.12082 -0.94773 0.29530
v -0.12082 -0.94773 -0.29530
v 0.32776 0.19972 0.92341
v 0.32776 0.19972 -0.92341
v -0.59114 -0.67983 0.43403
v -0.59114 -0.67983 -0.43403
v 0.23381 0.52872 0.81596
v 0.23381 0.52872 -0.81596
v -0.34479 -0.45096 0.82326
v -0.34479 -0.45096 -0.82326
v 0.50086 -0.47068 0.72635
v 0.50086 -0.47068 -0.72635
v 0.58263 0.78731 0.20169
v 0.58263 0.78731 -0.20169
v 0.37667 0.62780 0.68116
v 0.37667 0.62780 -0.68116
v -0.10108 -0.83040 0.54793
v -0.10108 -0.83040 -0.54793
v 0.18831 0.39063 0.90108
v 0.18831 0.39063 -0.90108
v 0.32656 0.54713 0.77072
v 0.32656 0.54713 -0.77072
v 0.01709 0.22278 0.97472
v 0.01709 0.22278 -0.97472
v 0.24110 0.00599 0.97048
v 0.24110 0.00599 -0.97048
v -0.08014 0.60740 0.79034
v -0.08014 0.60740 -0.79034
v 0.41472 0.25932 0.87221
v 0.41472 0.25932 -0.87221
v 0.66548 -0.17376 0.72591
v 0.66548 -0.17376 -0.72591
v 0.09573 0.93674 0.33669
v 0.09573 0.93674 -0.33669
v -0.25157 0.69322 0.67539
v -0.25157 0.69322 -0.67539
v -0.50518 -0.01582 0.86287
v -0.50518 -0.01582 -0.86287
v 0.21024 -0.72125 0.66000
v 0.21024 -0.72125 -0.66000
v 0.13310 0.75707 0.63963
v 0.13310 0.75707 -0.63963
v -0.28536 -0.58377 0.76012
v -0.28536 -0.58377 -0.76012
v 0.63807 -0.73765 0.22075
v 0.63807 -0.73765 -0.22075
v 0.64836 0.27988 0.70803
v 0.64836 0.27988 -0.70803
v 0.83299 0.12448 0.53910
v 0.83299 0.12448 -0.53910
v 0.23465 0.78685 0.57079
v 0.23465 0.78685 -0.57079
v -0.07872 -0.12868 0.98856
v -0.07872 -0.12868 -0.98856
v 0.84493 0.34928 0.40509
v 0.84493 0.34928 -0.40509
v 0.69541 0.69245 0.19214
v 0.69541 0.69245 -0.19214
v 0.28117 0.11847 0.95232
v 0.28117 0.11847 -0.95232
v 0.61703 0.68684 0.38408
v 0.61703 0.68684 -0.38408
v 0.44584 0.01664 0.89496
v 0.44584 0.01664 -0.89496
v 0.28285 -0.83936 0.46418
v 0.28285 -0.83936 -0.46418
v 0.18544 -0.86845 0.45979
v 0.18544 -0.86845 -0.45979
v -0.73015 -0.30026 0.61377
v -0.73015 -0.30026 -0.61377
v 0.55850 -0.36764 0.74359
v 0.55850 -0.36764 -0.74359
v 0.45621 0.01239 0.88979
v 0.45621 0.01239 -0.88979
v -0.25925 -0.96123 0.09389
v -0.25925 -0.96123 -0.09389
v 0.63902 -0.25562 0.72547
v 0.63902 -0.25562 -0.72547
v 0.02302 0.13495 0.99058
v 0.02302 0.13495 -0.99058
v -0.40546 -0.62811 0.66414
v -0.40546 -0.62811 -0.66414
v -0.33325 0.47387 0.81510
v -0.33325 0.47387 -0.81510
v -0.23425 0.85633 0.46025
v -0.23425 0.85633 -0.46025
v 0.22507 -0.11795 0.96718
v 0.22507 -0.11795 -0.96718
v -0.76846 0.57149 0.28789
v -0.76846 0.57149 -0.28789
v -0.34469 -0.71396 0.60946
v -0.34469 -0.71396 -0.60946
v -0.48521 0.17361 0.85699
v -0.48521 0.17361 -0.85699
v -0.54589 -0.30141 0.78177
v -0.54589 -0.30141 -0.78177
v 0.68943 0.68087 0.24720
v 0.68943 0.68087 -0.24720
v -0.12522 0.12980 0.98360
v -0.12522 0.12980 -0.98360
v -0.90944 -0.06783 0.41027
v -0.90944 -0.06783 -0.41027
v 0.59644 0.05179 0.80098
v 0.59644 0.05179 -0.80098
v -0.10955 -0.49587 0.86146
v -0.10955 -0.49587 -0.86146
v 0.63539 0.57392 0.51662
v 0.63539 0.57392 -0.51662
v -0.84181 0.29789 0.45013
v -0.84181 0.29789 -0.45013
v 0.24562 -0.92221 0.29865
v 0.24562 -0.92221 -0.29865
v -0.46099 0.34860 0.81607
v -0.46099 0.34860 -0.81607
v -0.63766 -0.03186 0.76966
v -0.63766 -0.03186 -0.76966
v -0.40723 -0.00692 0.91330
v -0.40723 -0.00692 -0.91330
v -0.69069 0.25591 0.67636
v -0.69069 0.25591 -0.67636
v 0.10846 0.39364 0.91284
v 0.10846 0.39364 -0.91284
v -0.57273 -0.39181 0.72005
v -0.57273 -0.39181 -0.72005
v -0.65380 0.24659 0.71536
v -0.65380 0.24659 -0.71536
v 0.24065 0.47734 0.84512
v 0.24065 0.47734 -0.84512
v 0.39792 -0.71062 0.58025
v 0.39792 -0.71062 -0.58025
v 0.87767 0.41400 0.24147
v 0.87767 0.41400 -0.24147
v 0.87848 0.28929 0.38025
v 0.87848 0.28929 -0.38025
v 0.63580 0.70794 0.30755
v 0.63580 0.70794 -0.30755
v 0.09049 0.94684 0.30871
v 0.09049 0.94684 -0.30871
v -0.44530 -0.42718 0.78691
v -0.44530 -0.42718 -0.78691
v -0.15307 -0.97343 0.17032
v -0.15307 -0.97343 -0.17032
v -0.09240 -0.51408 0.85275
v -0.09240 -0.51408 -0.85275
v 0.63297 0.67158 0.38514
v 0.63297 0.67158 -0.38514
v 0.17710 0.50980 0.84187
v 0.17710 0.50980 -0.84187
v -0.21849 -0.19847 0.95544
v -0.21849 -0.19847 -0.95544
v 0.37767 -0.83620 0.39766
v 0.37767 -0.83620 -0.39766
v 0.59320 0.14719 0.79148
v 0.59320 0.14719 -0.79148
v -0.09539 -0.86700 0.48909
v -0.09539 -0.86700 -0.48909
v -0.22857 -0.22147 0.94800
v -0.22857 -0.22147 -0.94800
v -0.19501 -0.39618 0.89722
v -0.19501 -0.39618 -0.89722
v -0.18257 0.70033 0.69007
v -0.18257 0.70033 -0.69007
v 0.41116 0.81760 0.40309
v 0.41116 0.81760 -0.40309
v -0.13295 -0.39027 0.91105
v -0.13295 -0.39027 -0.91105
v -0.34544 -0.58810 0.73131
v -0.34544 -0.58810 -0.73131
v 0.21876 0.59696 0.77187
v 0.21876 0.59696 -0.77187
v 0.98116 -0.17563 0.08046
v 0.98116 -0.17563 -0.08046
v -0.81375 0.30601 0.49413
v -0.81375 0.30601 -0.49413
v -0.56274 0.29060 0.77387
v -0.56274 0.29060 -0.77387
v 0.12703 0.25305 0.95908
v 0.12703 0.25305 -0.95908
v -0.78775 -0.50805 0.34832
v -0.78775 -0.50805 -0.34832
v 0.44258 -0.37749 0.81340
v 0.44258 -0.37749 -0.81340
v 0.19827 0.67339 0.71221
v 0.19827 0.67339 -0.71221
v -0.67904 -0.43371 0.59228
v -0.67904 -0.43371 -0.59228
v -0.62493 -0.41332 0.66229
v -0.62493 -0.41332 -0.66229
v -0.34038 -0.90801 0.24425
v -0.34038 -0.90801 -0.24425
v -0.63543 -0.31324 0.70577
v -0.63543 -0.31324 -0.70577
v -0.76340 0.58396 0.27607
v -0.76340 0.58396 -0.27607
v -0.06081 -0.39879 0.91503
v -0.06081 -0.39879 -0.91503
v -0.27238 0.15655 0.94937
v -0.27238 0.15655 -0.94937
v 0.04857 -0.75350 0.65565
v 0.04857 -0.75350 -0.65565
v -0.46968 -0.78746 0.39914
v -0.46968 -0.78746 -0.39914
v -0.66194 -0.37485 0.64909
v -0.66194 -0.37485 -0.64909
v 0.27341 0.18619 0.94370
v 0.27341 0.18619 -0.94370
v 0.92459 0.15542 0.34782
v 0.92459 0.15542 -0.34782
v 0.59131 -0.43439 0.67946
v 0.59131 -0.43439 -0.67946
v -0.08506 -0.20646 0.97475
v -0.08506 -0.20646 -0.97475
v 0.18326 -0.93382 0.30723
v 0.18326 -0.93382 -0.30723
v 0.67214 0.43529 0.59896
v 0.67214 0.43529 -0.59896
v 0.28866 0.42896 0.85596
v 0.28866 0.42896 -0.85596
v -0.52265 0.26135 0.81150
v -0.52265 0.26135 -0.81150
v -0.42950 0.36536 0.82586
v -0.42950 0.36536 -0.82586
v 0.56355 -0.16237 0.80997
v 0.56355 -0.16237 -0.80997
v -0.09327 -0.13629 0.98627
v -0.09327 -0.13629 -0.98627
v -0.89491 0.20409 0.39684
v -0.89491 0.20409 -0.39684
v -0.00853 0.72589 0.68775
v -0.00853 0.72589 -0.68775
v 0.75024 0.24764 0.61304
v 0.75024 0.24764 -0.61304
v -0.09787 -0.22930 0.96842
v -0.09787 -0.22930 -0.96842
v -0.51262 -0.78248 0.35349
v -0.51262 -0.78248 -0.35349
v -0.57622 0.14285 0.80471
v -0.57622 0.14285 -0.80471
v 0.18107 -0.67336 0.71680
v 0.18107 -0.67336 -0.71680
v -0.78364 -0.27482 0.55712
v -0.78364 -0.27482 -0.55712
v 0.97004 -0.23225 0.07125
v 0.97004 -0.23225 -0.07125
v -0.74912 -0.62585 0.21709
v -0.74912 -0.62585 -0.21709
v -0.72092 0.47373 0.50582
v -0.72092 0.47373 -0.50582
v -0.93317 -0.34291 0.10772
v -0.93317 -0.34291 -0.10772
v 0.38546 0.39013 0.83620
v 0.38546 0.39013 -0.83620
v -0.81729 0.20323 0.53920
v -0.81729 0.20323 -0.53920
v -0.59352 -0.40347 0.69638
v -0.59352 -0.40347 -0.69638
v 0.00067 0.95855 0.28491
v 0.00067 0.95855 -0.28491
v 0.02677 -0.29018 0.95660
v 0.02677 -0.29018 -0.95660
v -0.54323 -0.71239 0.44431
v -0.54323 -0.71239 -0.44431
v -0.92867 0.22941 0.29145
v -0.92867 0.22941 -0.29145
v 0.08693 -0.38591 0.91843
v 0.08693 -0.38591 -0.91843
v -0.66085 -0.73510 0.15136
v -0.66085 -0.73510 -0.15136
v 0.17559 0.76989 0.61355
v 0.17559 0.76989 -0.61355
v 0.14813 0.74332 0.65233
v 0.14813 0.74332 -0.65233
v 0.04481 -0.30606 0.95096
v 0.04481 -0.30606 -0.95096
v 0.35836 0.28526 0.88894
v 0.35836 0.28526 -0.88894
v 0.26348 -0.35422 0.89728
v 0.26348 -0.35422 -0.89728
v -0.35754 0.29770 0.88518
v -0.35754 0.29770 -0.88518
v 0.55243 0.67329 0.49143
v 0.55243 0.67329 -0.49143
v 0.18682 -0.25175 0.94959
v 0.18682 -0.25175 -0.94959
v -0.44464 0.88756 0.12057
v -0.44464 0.88756 -0.12057
v 0.03624 -0.48388 0.87438
v 0.03624 -0.48388 -0.87438
v 0.89106 0.21920 0.39744
v 0.89106 0.21920 -0.39744
v -0.17435 -0.43730 0.88225
v -0.17435 -0.43730 -0.88225
v 0.62572 0.47499 0.61876
v 0.62572 0.47499 -0.61876
v -0.01589 0.23141 0.97273
v -0.01589 0.23141 -0.97273
v -0.16626 -0.07110 0.98351
v -0.16626 -0.07110 -0.98351
v 0.44949 -0.87962 0.15567
v 0.44949 -0.87962 -0.15567
v 0.60991 -0.70862 0.35478
v 0.60991 -0.70862 -0.35478
v -0.24414 -0.68292 0.68848
v -0.24414 -0.68292 -0.68848
v -0.01583 0.45576 0.88996
v -0.01583 0.45576 -0.88996
v -0.69391 0.33477 0.63750
v -0.69391 0.33477 -0.63750
v -0.41156 -0.34217 0.84471
v -0.41156 -0.34217 -0.84471
v -0.64320 0.03137 0.76505
v -0.64320 0.03137 -0.76505
v -0.06713 -0.34767 0.93521
v -0.06713 -0.34767 -0.93521
v 0.30447 -0.85348 0.42293
v 0.30447 -0.85348 -0.42293
v 0.35593 0.10965 0.92806
v 0.35593 0.10965 -0.92806
v 0.18091 -0.39277 0.90166
v 0.18091 -0.39277 -0.90166
v 0.36551 0.46281 0.80759
v 0.36551 0.46281 -0.80759
v -0.23191 -0.32361 0.91733
v -0.23191 -0.32361 -0.91733
v -0.71094 0.05072 0.70142
v -0.71094 0.05072 -0.70142
v 0.60976 0.01741 0.79239
v 0.60976 0.01741 -0.79239
v -0.48431 0.08553 0.87070
v -0.48431 0.08553 -0.87070
v 0.60516 -0.13708 0.78421
v 0.60516 -0.13708 -0.78421
v 0.31500 -0.44129 0.84026
v 0.31500 -0.44129 -0.84026
v 0.20216 0.93867 0.27933
v 0.20216 0.93867 -0.27933
v 0.07626 -0.96207 0.26191
v 0.07626 -0.96207 -0.26191
v 0.41175 0.03582 0.91059
v 0.41175 0.03582 -0.91059
v -0.30631 -0.57620 0.75774
v -0.30631 -0.57620 -0.75774
v -0.25950 0.55541 0.79005
v -0.25950 0.55541 -0.79005
v -0.39812 0.33198 0.85515
v -0.39812 0.33198 -0.85515
v -0.73680 -0.53187 0.41742
v -0.73680 -0.53187 -0.41742
v 0.57083 -0.30312 0.76307
v 0.57083 -0.30312 -0.76307
v -0.33226 -0.18433 0.92500
v -0.33226 -0.18433 -0.92500
v -0.87675 -0.19276 0.44063
v -0.87675 -0.19276 -0.44063
v -0.09666 0.36595 0.92560
v -0.09666 0.36595 -0.92560
v 0.57752 -0.04855 0.81493
v 0.57752 -0.04855 -0.81493
v -0.71735 0.06397 0.69377
v -0.71735 0.06397 -0.69377
v 0.21022 0.16613 0.96343
v 0.21022 0.16613 -0.96343
v -0.13789 0.29543 0.94536
v -0.13789 0.29543 -0.94536
v 0.57748 -0.68689 0.44125
v 0.57748 -0.68689 -0.44125
v 0.01984 -0.27636 0.96085
v 0.01984 -0.27636 -0.96085
v -0.86813 0.48921 0.08381
v -0.86813 0.48921 -0.08381
v -0.57405 -0.46013 0.67730
v -0.57405 -0.46013 -0.67730
v -0.36946 0.42772 0.82496
v -0.36946 0.42772 -0.82496
v -0.94942 -0.23578 0.20739
v -0.94942 -0.23578 -0.20739
v -0.56972 -0.03276 0.82119
v -0.56972 -0.03276 -0.82119
v -0.58799 -0.52507 0.61528
v -0.58799 -0.52507 -0.61528
v 0.08967 -0.25785 0.96201
v 0.08967 -0.25785 -0.96201
v -0.20487 -0.91948 0.33554
v -0.20487 -0.91948 -0.33554
v -0.08751 0.93599 0.34097
v -0.08751 0.93599 -0.34097
v 0.90394 -0.17036 0.39227
v 0.90394 -0.17036 -0.39227
v -0.26532 -0.48945 0.83069
v -0.26532 -0.48945 -0.83069
v -0.07117 -0.16099 0.98439
v -0.07117 -0.16099 -0.98439
v 0.12229 0.31047 0.94268
v 0.12229 0.31047 -0.94268
v -0.15758 -0.90710 0.39030
v -0.15758 -0.90710 -0.39030
v -0.19796 0.63517 0.74658
v -0.19796 0.63517 -0.74658
v 0.61686 -0.19630 0.76220
v 0.61686 -0.19630 -0.76220
v -0.05406 -0.45201 0.89037
v -0.05406 -0.45201 -0.89037
v -0.51482 0.51544 0.68504
v -0.51482 0.51544 -0.68504
v 0.04815 0.97061 0.23579
v 0.04815 0.97061 -0.23579
v 0.00647 -0.65494 0.75565
v 0.00647 -0.65494 -0.75565
v -0.54566 -0.03648 0.83721
v -0.54566 -0.03648 -0.83721
v -0.25658 -0.91593 0.30862
v -0.25658 -0.91593 -0.30862
v -0.50625 -0.13648 0.85152
v -0.50625 -0.13648 -0.85152
v -0.76515 0.18484 0.61676
v -0.76515 0.18484 -0.61676
v -0.02850 -0.19163 0.98105
v -0.02850 -0.19163 -0.98105
v -0.11685 0.98646 0.11504
v -0.11685 0.98646 -0.11504
v 0.72893 -0.45444 0.51200
v 0.72893 -0.45444 -0.51200
v -0.70670 0.10182 0.70015
v -0.70670 0.10182 -0.70015
v 0.52426 0.47788 0.70483
v 0.52426 0.47788 -0.70483
v 0.43955 -0.39178 0.80827
v 0.43955 -0.39178 -0.80827
v -0.41999 -0.80489 0.41924
v -0.41999 -0.80489 -0.41924
v -0.85119 0.41163 0.32563
v -0.85119 0.41163 -0.32563
v -0.32638 0.28829 0.90020
v -0.32638 0.28829 -0.90020
v -0.61540 0.11393 0.77994
v -0.61540 0.11393 -0.77994
v 0.70446 -0.27498 0.65430
v 0.70446 -0.27498 -0.65430
v 0.65610 0.00115 0.75467
v 0.65610 0.00115 -0.75467
v 0.15054 0.82510 0.54456
v 0.15054 0.82510 -0.54456
v -0.48794 -0.23288 0.84124
v -0.48794 -0.23288 -0.84124
v -0.84048 -0.40419 0.36086
v -0.84048 -0.40419 -0.36086
v 0.09945 -0.74071 0.66443
v 0.09945 -0.74071 -0.66443
v 0.95005 0.29410 0.10446
v 0.95005 0.29410 -0.10446
v -0.33490 0.10563 0.93632
v -0.33490 0.10563 -0.93632
v -0.50582 0.56861 0.64871
v -0.50582 0.56861 -0.64871
v 0.57090 -0.01000 0.82096
v 0.57090 -0.01000 -0.82096
v 0.08658 0.20967 0.97393
v 0.08658 0.20967 -0.97393
v 0.07432 -0.07640 0.99430
v 0.07432 -0.07640 -0.99430
v 0.39436 0.40539 0.82471
v 0.39436 0.40539 -0.82471
v 0.90173 -0.24992 0.35274
v 0.90173 -0.24992 -0.35274
v -0.52969 -0.05843 0.84618
v -0.52969 -0.05843 -0.84618
v -0.20384 0.76912 0.60573
v -0.20384 0.76912 -0.60573
v -0.45443 0.40884 0.79142
v -0.45443 0.40884 -0.79142
v -0.11515 0.78268 0.61167
v -0.11515 0.78268 -0.61167
v -0.30031 -0.74227 0.59904
v -0.30031 -0.74227 -0.59904
v -0.33025 0.04442 0.94285
v -0.33025 0.04442 -0.94285
v -0.61488 -0.33270 0.71500
v -0.61488 -0.33270 -0.71500
v -0.07154 -0.00721 0.99741
v -0.07154 -0.00721 -0.99741
v -0.40029 0.15433 0.90330
v -0.40029 0.15433 -0.90330
v 0.56111 -0.63112 0.53557
v 0.56111 -0.63112 -0.53557
v -0.84554 0.50104 0.18443
v -0.84554 0.50104 -0.18443
v -0.17896 0.39696 0.90022
v -0.17896 0.39696 -0.90022
v -0.31360 0.03209 0.94901
v -0.31360 0.03209 -0.94901
v 0.17208 0.93805 0.30076
v 0.17208 0.93805 -0.30076
v 0.51132 0.10821 0.85255
v 0.51132 0.10821 -0.85255
v 0.78128 0.59145 0.19946
v 0.78128 0.59145 -0.19946
v 0.75784 -0.21022 0.61765
v 0.75784 -0.21022 -0.61765
v -0.72587 0.65520 0.20936
v -0.72587 0.65520 -0.20936
v 0.04124 -0.47756 0.87763
v 0.04124 -0.47756 -0.87763
v 0.70324 0.12241 0.70034
v 0.70324 0.12241 -0.70034
v -0.10335 0.35400 0.92952
v -0.10335 0.35400 -0.92952
v 0.22287 0.47820 0.84950
v 0.22287 0.47820 -0.84950
v 0.09066 0.90384 0.41815
v 0.09066 0.90384 -0.41815
v 0.11474 -0.73056 0.67314
v 0.11474 -0.73056 -0.67314
v 0.24856 -0.81573 0.52231
v 0.24856 -0.81573 -0.52231
v -0.46586 -0.78527 0.40783
v -0.46586 -0.78527 -0.40783
v 0.37700 0.72250 0.57953
v 0.37700 0.72250 -0.57953
v 0.11885 0.72159 0.68204
v 0.11885 0.72159 -0.68204
v 0.44276 0.51922 0.73101
v 0.44276 0.51922 -0.73101
v 0.50343 -0.49769 0.70630
v 0.50343 -0.49769 -0.70630
v -0.33503 -0.14826 0.93047
v -0.33503 -0.14826 -0.93047
v -0.35704 -0.64966 0.67117
v -0.35704 -0.64966 -0.67117
v 0.31459 0.47883 0.81961
v 0.31459 0.47883 -0.81961
v -0.26877 -0.32980 0.90499
v -0.26877 -0.32980 -0.90499
v 0.76259 0.28842 0.57903
v 0.76259 0.28842 -0.57903
v -0.27569 -0.65112 0.70714
v -0.27569 -0.65112 -0.70714
v 0.13344 -0.93665 0.32386
v 0.13344 -0.93665 -0.32386
v -0.01661 0.37436 0.92713
v -0.01661 0.37436 -0.92713
v 0.41586 -0.90574 0.08184
v 0.41586 -0.90574 -0.08184
v 0.46286 -0.41352 0.78407
v 0.46286 -0.41352 -0.78407
v -0.20833 -0.27261 0.93930
v -0.20833 -0.27261 -0.93930
v 0.32317 -0.16270 0.93225
v 0.32317 -0.16270 -0.93225
v 0.18633 0.26797 0.94524
v 0.18633 0.26797 -0.94524
v 0.44204 0.46085 0.76956
v 0.44204 0.46085 -0.76956
v -0.15954 0.08892 0.98318
v -0.15954 0.08892 -0.98318
v 0.14372 -0.04425 0.98863
v 0.14372 -0.04425 -0.98863
v 0.83778 0.00698 0.54596
v 0.83778 0.00698 -0.54596
v -0.51310 -0.03803 0.85748
v -0.51310 -0.03803 -0.85748
v 0.00256 0.89586 0.44432
v 0.00256 0.89586 -0.44432
v 0.10291 0.30608 0.94643
v 0.10291 0.30608 -0.94643
v -0.34918 0.75402 0.55635
v -0.34918 0.75402 -0.55635
v 0.04006 0.72662 0.68587
v 0.04006 0.72662 -0.68587
v 0.20186 -0.47028 0.85912
v 0.20186 -0.47028 -0.85912
v 0.52800 0.39762 0.75040
v 0.52800 0.39762 -0.75040
v 0.39785 0.87989 0.25981
v 0.39785 0.87989 -0.25981
v 0.30721 0.50964 0.80367
v 0.30721 0.50964 -0.80367
v 0.00126 0.07319 0.99732
v 0.00126 0.07319 -0.99732
v -0.49956 -0.31218 0.80808
v -0.49956 -0.31218 -0.80808
v 0.67597 -0.24960 0.69337
v 0.67597 -0.24960 -0.69337
v -0.56653 0.73163 0.37914
v -0.56653 0.73163 -0.37914
v 0.11196 -0.28379 0.95233
v 0.11196 -0.28379 -0.95233
v 0.48390 0.20954 0.84966
v 0.48390 0.20954 -0.84966
v 0.52293 -0.11357 0.84477
v 0.52293 -0.11357 -0.84477
v 0.20429 0.05377 0.97743
v 0.20429 0.05377 -0.97743
v 0.33802 0.03503 0.94049
v 0.33802 0.03503 -0.94049
v -0.36478 0.30809 0.87865
v -0.36478 0.30809 -0.87865
v 0.04807 0.71289 0.69963
v 0.04807 0.71289 -0.69963
v 0.45993 -0.28780 0.84002
v 0.45993 -0.28780 -0.84002
v 0.40895 -0.66756 0.62219
v 0.40895 -0.66756 -0.62219
v -0.88076 0.21999 0.41937
v -0.88076 0.21999 -0.41937
v -0.02909 -0.91309 0.40671
v -0.02909 -0.91309 -0.40671
v -0.34062 -0.74774 0.56996
v -0.34062 -0.74774 -0.56996
v -0.55773 -0.80295 0.21025
v -0.55773 -0.80295 -0.21025
v -0.22958 -0.01725 0.97314
v -0.22958 -0.01725 -0.97314
v -0.67476 0.16634 0.71905
v -0.67476 0.16634 -0.71905
v -0.48087 0.41266 0.77361
v -0.48087 0.41266 -0.77361
v -0.37509 -0.85985 0.34636
v -0.37509 -0.85985 -0.34636
v 0.34654 -0.72689 0.59291
v 0.34654 -0.72689 -0.59291
v 0.46120 0.59607 0.65727
v 0.46120 0.59607 -0.65727
v -0.15329 0.02909 0.98775
v -0.15329 0.02909 -0.98775
v 0.68390 0.22833 0.69293
v 0.68390 0.22833 -0.69293
v -0.33787 -0.39255 0.85542
v -0.33787 -0.39255 -0.85542
v 0.12615 -0.37740 0.91742
v 0.12615 -0.37740 -0.91742
v -0.11162 0.13376 0.98471
v -0.11162 0.13376 -0.98471
v -0.69076 -0.28959 0.66256
v -0.69076 -0.28959 -0.66256
v 0.54800 -0.35345 0.75814
v 0.54800 -0.35345 -0.75814
v -0.27101 0.09347 0.95803
v -0.27101 0.09347 -0.95803
v 0.90695 -0.15979 0.38976
v 0.90695 -0.15979 -0.38976
v 0.36158 -0.38119 0.85085
v 0.36158 -0.38119 -0.85085
v -0.79670 0.44280 0.41134
v -0.79670 0.44280 -0.41134
v -0.17681 0.09233 0.97990
v -0.17681 0.09233 -0.97990
v 0.26078 0.65027 0.71354
v 0.26078 0.65027 -0.71354
v -0.17827 -0.31140 0.93341
v -0.17827 -0.31140 -0.93341
v -0.66999 0.51073 0.53876
v -0.66999 0.51073 -0.53876
v 0.03112 0.79895 0.60059
v 0.03112 0.79895 -0.60059
v -0.24707 -0.72130 0.64706
v -0.24707 -0.72130 -0.64706
v 0.66084 0.01961 0.75027
v 0.66084 0.01961 -0.75027
v 0.56533 0.78113 0.26502
v 0.56533 0.78113 -0.26502
v 0.48868 0.61653 0.61732
v 0.48868 0.61653 -0.61732
v -0.59815 -0.51871 0.61086
v -0.59815 -0.51871 -0.61086
v -0.65843 -0.49455 0.56736
v -0.65843 -0.49455 -0.56736
v -0.28298 -0.92898 0.23859
v -0.28298 -0.92898 -0.23859
v 0.43252 -0.19135 0.88109
v 0.43252 -0.19135 -0.88109
v 0.05565 0.09651 0.99378
v 0.05565 0.09651 -0.99378
v -0.10992 -0.35263 0.92928
v -0.10992 -0.35263 -0.92928
v 0.65192 0.15080 0.74314
v 0.65192 0.15080 -0.74314
v -0.17899 0.59795 0.78129
v -0.17899 0.59795 -0.78129
v 0.59267 -0.12699 0.79537
v 0.59267 -0.12699 -0.79537
v 0.38598 -0.86550 0.31926
v 0.38598 -0.86550 -0.31926
v 0.64218 0.50238 0.57897
v 0.64218 0.50238 -0.57897
v -0.89097 0.20092 0.40720
v -0.89097 0.20092 -0.40720
v -0.55035 -0.81939 0.16034
v -0.55035 -0.81939 -0.16034
v 0.36073 0.70176 0.61433
v 0.36073 0.70176 -0.61433
v -0.78166 0.03450 0.62275
v -0.78166 0.03450 -0.62275
v 0.94038 -0.09369 0.32698
v 0.94038 -0.09369 -0.32698
v -0.02436 -0.67262 0.73958
v -0.02436 -0.67262 -0.73958
v 0.63208 0.30439 0.71262
v 0.63208 0.30439 -0.71262
v 0.58915 0.76358 0.26429
v 0.58915 0.76358 -0.26429
v -0.72146 0.44717 0.52871
v -0.72146 0.44717 -0.52871
v -0.44840 0.61568 0.64798
v -0.44840 0.61568 -0.64798
v 0.38722 -0.90592 0.17138
v 0.38722 -0.90592 -0.17138
v -0.26249 0.82811 0.49531
v -0.26249 0.82811 -0.49531
v 0.14064 0.07462 0.98724
v 0.14064 0.07462 -0.98724
v -0.47858 0.56587 0.67138
v -0.47858 0.56587 -0.67138
v -0.07477 0.02465 0.99690
v -0.07477 0.02465 -0.99690
v 0.54177 -0.43781 0.71750
v 0.54177 -0.43781 -0.71750
v 0.82345 0.04532 0.56558
v 0.82345 0.04532 -0.56558
v -0.51171 0.49918 0.69927
v -0.51171 0.49918 -0.69927
v -0.05836 -0.50697 0.85998
v -0.05836 -0.50697 -0.85998
v -0.59969 0.32725 0.73026
v -0.59969 0.32725 -0.73026
v -0.79444 -0.03477 0.60635
v -0.79444 -0.03477 -0.60635
v 0.52473 0.27178 0.80672
v 0.52473 0.27178 -0.80672
v -0.69197 0.04018 0.72081
v -0.69197 0.04018 -0.72081
v 0.68314 -0.20083 0.70213
v 0.68314 -0.20083 -0.70213
v -0.25520 0.46812 0.84601
v -0.25520 0.46812 -0.84601
v 0.01951 -0.41825 0.90812
v 0.01951 -0.41825 -0.90812
v -0.79441 -0.25981 0.54902
v -0.79441 -0.25981 -0.54902
v 0.33877 0.26313 0.90333
v 0.33877 0.26313 -0.90333
v 0.67781 0.14787 0.72021
v 0.67781 0.14787 -0.72021
v 0.65415 0.71908 0.23453
v 0.65415 0.71908 -0.23453
v 0.03538 -0.90779 0.41793
v 0.03538 -0.90779 -0.41793
v 0.73629 0.15455 0.65878
v 0.73629 0.15455 -0.65878
v -0.68287 0.62720 0.37458
v -0.68287 0.62720 -0.37458
v 0.02674 0.44554 0.89486
v 0.02674 0.44554 -0.89486
v 0.27180 0.37840 0.88484
v 0.27180 0.37840 -0.88484
v 0.39141 0.16184 0.90587
v 0.39141 0.16184 -0.90587
v -0.06502 0.32482 0.94354
v -0.06502 0.32482 -0.94354
v -0.07306 -0.31449 0.94644
v -0.07306 -0.31449 -0.94644
v 0.06970 0.49235 0.86760
v 0.06970 0.49235 -0.86760
v -0.21113 0.36324 0.90746
v -0.21113 0.36324 -0.90746
v -0.39076 -0.40941 0.82444
v -0.39076 -0.40941 -0.82444
v -0.35422 0.32476 0.87696
v -0.35422 0.32476 -0.87696
v 0.83619 0.14641 0.52854
v 0.83619 0.14641 -0.52854
v 0.00983 0.60512 0.79607
v 0.00983 0.60512 -0.79607
v -0.24971 -0.52362 0.81453
v -0.24971 -0.52362 -0.81453
v -0.60174 0.74977 0.27523
v -0.60174 0.74977 -0.27523
v -0.75738 0.57085 0.31702
v -0.75738 0.57085 -0.31702
v 0.62009 -0.56864 0.54050
v 0.62009 -0.56864 -0.54050
v -0.78730 -0.33850 0.51534
v -0.78730 -0.33850 -0.51534
v -0.19394 0.70875 0.67828
v -0.19394 0.70875 -0.67828
v 0.44874 0.72098 0.52803
v 0.44874 0.72098 -0.52803
v 0.51963 -0.35610 0.77665
v 0.51963 -0.35610 -0.77665
v -0.95906 0.02671 0.28196
v -0.95906 0.02671 -0.28196
v -0.14673 0.75784 0.63573
v -0.14673 0.75784 -0.63573
v 0.67336 -0.55911 0.48372
v 0.67336 -0.55911 -0.48372
v -0.59146 0.80026 0.09879
v -0.59146 0.80026 -0.09879
v 0.69771 -0.39832 0.59544
v 0.69771 -0.39832 -0.59544
v -0.33334 0.19911 0.92154
v -0.33334 0.19911 -0.92154
v 0.35719 -0.42923 0.82957
v 0.35719 -0.42923 -0.82957
v 0.05668 -0.10047 0.99332
v 0.05668 -0.10047 -0.99332
v 0.56307 0.41716 0.71339
v 0.56307 0.41716 -0.71339
v 0.45794 -0.46048 0.76043
v 0.45794 -0.46048 -0.76043
v -0.73907 -0.10647 0.66517
v -0.73907 -0.10647 -0.66517
v -0.53821 0.75832 0.36780
v -0.53821 0.75832 -0.36780
v -0.59579 0.03420 0.80241
v -0.59579 0.03420 -0.80241
v 0.14441 -0.66899 0.72911
v 0.14441 -0.66899 -0.72911
v -0.61887 0.44378 0.64812
v -0.61887 0.44378 -0.64812
v 0.39399 0.62224 0.67645
v 0.39399 0.62224 -0.67645
v 0.15124 0.23181 0.96093
v 0.15124 0.23181 -0.96093
v 0.05935 0.96152 0.26825
v 0.05935 0.96152 -0.26825
v 0.64382 0.23100 0.72948
v 0.64382 0.23100 -0.72948
v 0.44528 -0.30747 0.84094
v 0.44528 -0.30747 -0.84094
v -0.24465 0.17093 0.95443
v -0.24465 0.17093 -0.95443
v 0.83925 0.07372 0.53872
v 0.83925 0.07372 -0.53872
v -0.12890 0.82701 0.54721
v -0.12890 0.82701 -0.54721
v -0.20383 -0.04737 0.97786
v -0.20383 -0.04737 -0.97786
v -0.25363 0.33187 0.90859
v -0.25363 0.33187 -0.90859
v 0.36495 -0.64285 0.67347
v 0.36495 -0.64285 -0.67347
v -0.41949 -0.61430 0.66833
v -0.41949 -0.61430 -0.66833
v -0.75929 -0.04901 0.64891
v -0.75929 -0.04901 -0.64891
v -0.04694 0.20936 0.97671
v -0.04694 0.20936 -0.97671
v 0.38913 0.88489 0.25602
v 0.38913 0.88489 -0.25602
v -0.12208 0.56733 0.81439
v -0.12208 0.56733 -0.81439
v -0.06516 0.06834 0.99553
v -0.06516 0.06834 -0.99553
v -0.87159 0.17584 0.45761
v -0.87159 0.17584 -0.45761
v -0.60975 0.73044 0.30768
v -0.60975 0.73044 -0.30768
v -0.55991 -0.61007 0.56064
v -0.55991 -0.61007 -0.56064
v 0.42547 0.10357 0.89903
v 0.42547 0.10357 -0.89903
v -0.44971 0.74464 0.49323
v -0.44971 0.74464 -0.49323
v 0.56504 0.70146 0.43438
v 0.56504 0.70146 -0.43438
v -0.51905 0.20404 0.83004
v -0.51905 0.20404 -0.83004
v 0.85547 -0.08556 0.51074
v 0.85547 -0.08556 -0.51074
v 0.42016 0.83069 0.36528
v 0.42016 0.83069 -0.36528
v 0.37711 -0.21513 0.90084
v 0.37711 -0.21513 -0.90084
v -0.54024 -0.15561 0.82700
v -0.54024 -0.15561 -0.82700
v 0.39126 -0.14770 0.90835
v 0.39126 -0.14770 -0.90835
v -0.71634 -0.20448 0.66711
v -0.71634 -0.20448 -0.66711
v -0.77961 -0.12003 0.61466
v -0.77961 -0.12003 -0.61466
v 0.51942 0.28036 0.80721
v 0.51942 0.28036 -0.80721
v -0.78529 -0.08327 0.61350
v -0.78529 -0.08327 -0.61350
v -0.44450 -0.43043 0.78559
v -0.44450 -0.43043 -0.78559
v 0.12384 0.34687 0.92970
v 0.12384 0.34687 -0.92970
v -0.83640 -0.21612 0.50371
v -0.83640 -0.21612 -0.50371
v -0.58957 0.27429 0.75972
v -0.58957 0.27429 -0.75972
v 0.17635 0.00098 0.98433
v 0.17635 0.00098 -0.98433
v -0.43644 -0.68130 0.58767
v -0.43644 -0.68130 -0.58767
v -0.10860 -0.95250 0.28450
v -0.10860 -0.95250 -0.28450
v 0.86828 0.26315 0.42053
v 0.86828 0.26315 -0.42053
v -0.18385 0.85842 0.47886
v -0.18385 0.85842 -0.47886
v 0.19983 -0.23551 0.95111
v 0.19983 -0.23551 -0.95111
v -0.12149 -0.50752 0.85303
v -0.12149 -0.50752 -0.85303
v 0.82147 0.08633 0.56368
v 0.82147 0.08633 -0.56368
v -0.48817 0.21824 0.84502
v -0.48817 0.21824 -0.84502
v -0.71379 -0.09223 0.69426
v -0.71379 -0.09223 -0.69426
v 0.30500 0.75017 0.58671
v 0.30500 0.75017 -0.58671
v 0.62555 -0.35801 0.69319
v 0.62555 -0.35801 -0.69319
v -0.75607 -0.62152 0.20514
v -0.75607 -0.62152 -0.20514
v -0.46340 -0.23442 0.85458
v -0.46340 -0.23442 -0.85458
v -0.63495 0.08583 0.76777
v -0.63495 0.08583 -0.76777
v -0.78531 0.39097 0.48003
v -0.78531 0.39097 -0.48003
v -0.48054 -0.59809 0.64138
v -0.48054 -0.59809 -0.64138
v 0.38707 -0.32717 0.86205
v 0.38707 -0.32717 -0.86205
v -0.25389 0.31014 0.91616
v -0.25389 0.31014 -0.91616
v 0.32403 -0.48209 0.81400
v 0.32403 -0.48209 -0.81400
v -0.74897 0.51169 0.42097
v -0.74897 0.51169 -0.42097
v -0.02102 0.49666 0.86769
v -0.02102 0.49666 -0.86769
v 0.39960 0.60790 0.68613
v 0.39960 0.60790 -0.68613
v -0.38989 0.37254 0.84214
v -0.38989 0.37254 -0.84214
v -0.17293 0.38590 0.90619
v -0.17293 0.38590 -0.90619
v 0.56743 -0.52650 0.63311
v 0.56743 -0.52650 -0.63311
v 0.58212 0.59591 0.55319
v 0.58212 0.59591 -0.55319
v 0.13750 -0.79170 0.59524
v 0.13750 -0.79170 -0.59524
v -0.42964 -0.26121 0.86439
v -0.42964 -0.26121 -0.86439
v 0.79992 0.58862 0.11685
v 0.79992 0.58862 -0.11685
v -0.88811 -0.25032 0.38549
v -0.88811 -0.25032 -0.38549
v -0.65014 -0.70015 0.29514
v -0.65014 -0.70015 -0.29514
v -0.09081 -0.20712 0.97409
v -0.09081 -0.20712 -0.97409
v -0.76932 0.35657 0.53010
v -0.76932 0.35657 -0.53010
v -0.67026 0.66554 0.32836
v -0.67026 0.66554 -0.32836
v -0.69131 0.30158 0.65662
v -0.69131 0.30158 -0.65662
v 0.09628 0.44757 0.88905
v 0.09628 0.44757 -0.88905
v -0.71190 -0.55528 0.42996
v -0.71190 -0.55528 -0.42996
v 0.60566 0.53787 0.58641
v 0.60566 0.53787 -0.58641
v -0.71784 -0.18053 0.67239
v -0.71784 -0.18053 -0.67239
v 0.84709 -0.25654 0.46544
v 0.84709 -0.25654 -0.46544
v -0.19860 -0.20093 0.95926
v -0.19860 -0.20093 -0.95926
v 0.42320 -0.71777 0.55291
v 0.42320 -0.71777 -0.55291
v -0.06768 0.59815 0.79852
v -0.06768 0.59815 -0.79852
v -0.03943 -0.04258 0.99831
v -0.03943 -0.04258 -0.99831
v 0.60282 0.32463 0.72885
v 0.60282 0.32463 -0.72885
v 0.43825 -0.78865 0.43123
v 0.43825 -0.78865 -0.43123
v -0.50232 -0.27427 0.82003
v -0.50232 -0.27427 -0.82003
v -0.21990 -0.86575 0.44957
v -0.21990 -0.86575 -0.44957
v 0.07922 -0.40936 0.90892
v 0.07922 -0.40936 -0.90892
v -0.02072 0.88412 0.46681
v -0.02072 0.88412 -0.46681
v 0.49320 -0.67755 0.54560
v 0.49320 -0.67755 -0.54560
v 0.27562 0.20405 0.93936
v 0.27562 0.20405 -0.93936
v -0.38836 -0.86914 0.30624
v -0.38836 -0.86914 -0.30624
v 0.36534 -0.75830 0.53991
v 0.36534 -0.75830 -0.53991
v -0.17254 -0.02981 0.98455
v -0.17254 -0.02981 -0.98455
v -0.10617 -0.83100 0.54605
v -0.10617 -0.83100 -0.54605
v 0.47852 -0.61530 0.62644
v 0.47852 -0.61530 -0.62644
v -0.49634 0.24239 0.83360
v -0.49634 0.24239 -0.83360
v 0.62063 0.78297 0.04210
v 0.62063 0.78297 -0.04210
</p></pre>